0.25810443446243275
0.2581048777553417
0.2589814570685129
0.25934400742472313
0.2620680464310345
0.2628878853797087
0.2654427792404555
0.2659579642101257
0.2684764273963119
0.26944547024420945
0.2698587422834264
0.2710616706004004
0.27266491401522847
0.2736579570581347
0.27449035631689905
0.27727666186594485
0.2789523485503717
0.279176318262034
0.2800495664990978
0.28142683436639987
0.2832357192831329
0.2832349040964682
0.28464803464754057
0.28635758548013407
0.28624978837073595
0.28737815128121896
0.28929266866444586
0.2899895210290821
0.2901680993660089
0.291141024134319
0.29075622751969127
0.29219322606538806
0.2924941768066704
0.2941909804103821
0.29444562623209686
0.29370426990506443
0.29670247580797243
0.2964709272271577
0.2964890957469058
0.29820496248081046
0.29764411665074847
0.30154275294138727
0.30185420148751635
0.3012021145170382
0.30269542421525714
0.30362513907639815
0.30447535011616306
0.3039319705031421
0.30521907920602037
0.3038786052034033
0.3060304780387532
0.3051334077916998
0.3066682393878564
0.30578104840718995
0.3058911058224028
0.3054791813509619
0.306317187296882
0.3058694474598537
0.30540635847053427
0.30488764793362216
0.3050077707674596
0.30497339980450894
0.3046690382901182
0.30425979848609414
0.3038493079556665
0.303245762280653
0.30127352371958543
0.3005679702001401
0.299456002998087
0.29700933959945935
0.29263437597494524
0.2922462912301179
0.2908539027164221
0.29110841591547576
0.2895552500802678
0.2880263445845011
0.287232277981384
0.2816069170299799
0.2806122778686518
0.272650412828521
0.2710071594425394
0.26716186929921487
0.2627089903399052
0.25386642306725926
0.2444678541375095
0.22162696875666166
0.2017349021457558
0.18203022947015218
0.1606406934892411
0.13591907757411376
0.12132069138432872
0.09694399782262059
0.08843226716321323
0.06467634640578457
0.06365509125205232
0.06457615257224925
0.04274489075808188
0.04387889415307081
0.045125161509099315
0.02449082260659638
0.026724507431014816
0.018749313986503757
0.021474068639382754
0.004094125603659349
0.006995582612668388
0.008559224981326469
-0.008801925246493841
-0.00547841269088406
0.0010371271592606035
-0.016882023784619116
-0.013769112238587788
-0.004379807417474124
-0.022537120526566395
-0.01683719418354304
-0.017434706356775215
-0.01771268870220541
-0.034058244833020834
-0.03309015433670484
-0.028348603709516806
-0.023980125756099757
-0.0401332999336676
-0.03933565783007728
-0.03632927347762599
-0.028120377794768947
-0.043287199579469
-0.037857355208800014
-0.03341287200865231
-0.045882980069357204
-0.0451913892480266
-0.04273180927064904
-0.035082262147587556
-0.04860528549969034
-0.0431129493059664
-0.04411820476400963
-0.03839132802785897
-0.04996429265073979
-0.04913650912760348
-0.04353900749950268
-0.05145873318981947
-0.04914344276702218
-0.04368427286190779
-0.053000308886257036
-0.05161689725168475
-0.04853168691345203
-0.04997055198904496
-0.049037460098614594
-0.04700091190924233
-0.045588347672176455
-0.05540995633342752
-0.05389060377057761
-0.052682730211033535
-0.05127528382212712
-0.05353951777785845
-0.05028516331280161
-0.0494898083115875
-0.04864452773916941
-0.04902440102613842
-0.06110269922782677
-0.06061946266335472
-0.05951278159737941
-0.05602255270418316
-0.04932474824417801
-0.060459149383268546
-0.05914547677226678
-0.05855795788828788
-0.05741597554244268
-0.051530168895015216
-0.05904614032230593
-0.05660242468729215
-0.056187383499581106
-0.05528801687013388
-0.05225739470916477
-0.0514617624280721
-0.05498154274181202
-0.052654906536766855
-0.05082001865426025
-0.05099643233562137
-0.0505640428210975
-0.059708579240248416
-0.05849755352059771
-0.05614639395487553
-0.05090599791202163
-0.05530626947464806
-0.051853683410691825
-0.06005435943494933
-0.05721835013660714
-0.05635172888140738
-0.055626811645847235
-0.05041782169338602
-0.05695644936379232
-0.05612609384722392
-0.0537055971335241
-0.0484046741537032
-0.04895893161942627
-0.05151621722616473
-0.04770718486742881
-0.05572241510056167
-0.05478440699557091
-0.05319259513027602
-0.04955111035833845
-0.05388043975225629
-0.053153567376915956
-0.051839919379225025
-0.04983471445758186
-0.04580196777185053
-0.04676330926294672
-0.04927734535629574
-0.04720767101768311
-0.052039497778354926
-0.05138141928454018
-0.04875459760827938
-0.04434815674432982
-0.041267558321972236
-0.05143178629277989
-0.05032590855028235
-0.04828404228451494
-0.04251418252089495
-0.04908910332076838
-0.047600375038364284
-0.044802007977841396
-0.039348401995618454
-0.0441956511373256
-0.041250317087951655
-0.04632761711946193
-0.04439195398014639
-0.04166111821468993
-0.041479231197424665
-0.03828115687566869
-0.04805478747518513
-0.04629078134352477
-0.04059736924581045
-0.043521901675720176
-0.0417907077752267
-0.03641315123044961
-0.04343500097402547
-0.04163593001474844
-0.03509251039803188
-0.03911981563866895
-0.036015888277650676
-0.03249012581621652
-0.0405480040996547
-0.03892164819632857
-0.03671211248261472
-0.031038188540150474
-0.037497889779669696
-0.035247765492364275
-0.03091523981186675
-0.033733663479320775
-0.030969916856473406
-0.02857220074720243
-0.030363423376950416
-0.02646067615520742
-0.02791124339385445
-0.026976559605434547
-0.029255737351596534
-0.027763869158339366
-0.026592332979463562
-0.026454163287287474
-0.02326625161878626
-0.023269758398439228
-0.029208673754609477
-0.02865401328803438
-0.02636957229565806
-0.021230798404807016
-0.02811914955152295
-0.024598969127382547
-0.02049961789214244
-0.022346040018860952
-0.018769952247885163
-0.025332597107916077
-0.024188986336525248
-0.01819891648291777
-0.02163179983137012
-0.01884636131595005
-0.0193730138921977
-0.017380317288867186
-0.02200476082521563
-0.020791873101739078
-0.017050363069674668
-0.016394227270163986
-0.02013564112176805
-0.018614906986432672
-0.016913195532071018
-0.01679532961231725
-0.0184106105044205
-0.01599946186956272
-0.01844231570908117
-0.015879403730067382
-0.017635634979775716
-0.01703369239095251
-0.015670518144090345
-0.014807076327681523
-0.012072771136073357
-0.014969399869314004
-0.0120153727381562
-0.014283800952704373
-0.01243766450427311
-0.014069133697662106
-0.01199151280596536
-0.013498413759327477
-0.01116725839956545
-0.01318136567122108
-0.010405127029906203
-0.012215859618451286
-0.009595677459848378
-0.01050460416344609
-0.008759892633725341
-0.00953889737250141
-0.007808681750667484
-0.008526855934900157
-0.006621605428548866
-0.008134580099687955
-0.005898032138604459
-0.007652319168544808
-0.00607313670606352
-0.004973798172953264
-0.006286619214275535
-0.005320291308312242
-0.00449208572944132
-0.004069662385067396
-0.005218215824944333
-0.0034104341287073403
-0.005065070684410089
-0.003544489721759775
-0.0031691862890752265
-0.00483359982376777
-0.003165326871906654
-0.003396984252575702
-0.0024201979024989217
-0.0038190092156955013
-0.0018029518752351037
-0.003884595595521234
-0.0007769380108142709
-0.002713158779024283
-0.0002817100137031403
-0.0024648880200412726
0.0004784873824007496
-0.0032532151077948324
8.584311694426194e-06
-0.0024566481843834864
3.388302820034328e-05
-0.002246306283251842
0.00016904865419517523
-0.0014180466679547254
0.0001418479907327741
-0.0012567926625415282
-6.5465074558263e-05
-0.0007788801211911223
0.00014303903133283669
-0.0015750171833840143
-0.0006122523056581175
-0.001568512095353608
-0.00021732909431865233
-0.0013309377472838224
-0.00039977940904364906
-0.001692159462103604
-0.00010242573314692138
-0.00193986502781468
3.499432270892555e-05
-0.0016271333858506043
-0.0006879800910570277
-0.0019982121732067537
-0.000794644429227942
-0.00185765010497696
-0.0013130585077742174
-0.0019679130716690196
-0.0005241785669529986
-0.0024826427302812315
-0.0011130645047399412
-0.0024700483804993567
-0.0004712410948866097
-0.0023356711900566762
-0.0011375277376200477
-0.0025338855043595676
-0.0006388930319909392
-0.0027773182361691684
-0.000646213767987236
-0.0025615310077667375
-0.0005404804897475024
-0.002698112473239672
-0.0008949671142601812
-0.002405098082402246
-0.00016555628957787283
-0.0031443177611457096
-0.00045727731493364066
-0.003235210309182307
-0.000776997715866784
-0.00212867813953016
-0.0008589025378870907
-0.0023489049108006976
-0.00043092185012030826
-0.0027699850906543477
-0.00018943199430143665
-0.0038396215368035613
-0.0007724496634156364
-0.00011784135107451021
-0.0023343582741962576
-0.0014072535518362128
-0.001813897137069309
0.0008057698683032744
-0.0028906297013605864
0.0033905798774537255
-0.001039881545870175
0.00047475909394947835
-0.003253596068027026
-0.0002401167750214761
-0.003239085328812702
-0.0007999025601500565
-0.0031030515232706724
-0.0008140875299493533
-0.0038246836241173365
-0.0006817161266451099
-0.003630441477609908
0.0002033170578610577
-0.0036546649035653633
-0.0015248287616139167
-0.0028870710035951708
-0.0009515087404945444
-0.003005329859930489
-0.0016618922247736145
-0.0028874016786554213
-0.0013738467864332082
-0.0030613278990991033
-0.001030438723467475
-0.0027965105548113656
-0.0012479067663495047
-0.002491769668105548
-0.0008422747975546929
-0.002559540568718932
-0.0006830782427640902
-0.0034032736349900727
-0.0006337670136547235
-0.003874091643147337
-0.000920593612742826
-0.0037177836992288715
-0.0010707540157725015
-0.0031584744640284768
-0.0007466792717988058
-0.0024313382607622502
-0.0006625314333522092
-0.002059437151223087
-0.0003424208714767618
-0.002120056828521677
-0.0004917911118319795
-0.0010481815107514225
0.0002736758030225661
-0.0019603552251638012
-0.0001607763352686753
-0.0017538290664548262
0.00013773849158132956
-0.0019109459336250356
-0.00010966733340889157
-0.0014478748398220609
-0.0003473702182431315
-0.001497318046656676
1.0179273658705856e-05
-0.001497797112146676
8.216586809584037e-05
-0.0013925502564712533
1.1809962173814359e-05
-0.0005854936043897807
-9.44629778702466e-05
-0.0004325715291252086
0.0005244205392956613
-0.001485888025484855
-0.0002418213880907849
-0.0006146138133895362
-2.3163417651989038e-05
-0.001387322999167745
0.00016859778187525154
-0.0011616988977330989
0.0002600453108607681
-0.0019743956272468277
-0.00034602021664192906
-0.001639006050989461
0.00019141355427276796
-0.0017235228178341389
-0.00024901334130403296
-0.0012077052429073365
-1.2951226589091869e-05
-0.0012418678037427189
5.691808422370048e-05
-0.0017532792180155188
0.00021398076157841395
-0.0017071664908408224
-4.157022083098316e-05
-0.0018497676478084202
-0.0003917870446308036
-0.0022439360309248757
-0.0004951128938634475
-0.002575703111815486
-0.0007385667205805357
-0.0027307231190728254
-0.0007695999304041801
-0.002681089266294512
-0.0004639135733775779
-0.0024763138347474734
-0.0011767386668768143
-0.0013822611854038547
-8.246907100578627e-05
-0.0020887045827577277
0.000607972298985765
-0.0020020859577170314
-0.0004271350430391785
-0.0017937268002980733
0.000507058564786278
-0.0015691005341298414
0.001199996229341721
-0.001896440193262905
0.0006462916278272557
-0.001470928281870898
0.0013315840927395628
-0.0015049066469570715
0.0018163310243416442
-0.0018280275718619843
0.0024093882197070426
-0.0014997260428168957
0.0038025377253238513
-0.000606295513853855
0.005298717390623819
-0.0009808431495791636
0.004849597013037277
-0.0006521829478382812
0.00666899268234325
0.0006678360963338903
0.0006850948169599691
0.0031075982533471658
-0.001896922711058513
0.0004250537299451129
-0.004101755402433682
-0.002788211839659216
0.0010381848264934268
-0.004174246388332442
-0.0024779802804311968
0.003411606430873987
0.004093971120651074
-0.0020963409716416026
-8.840443987390145e-05
-0.0042456974388928315
-0.0020963373499885973
-0.0026743622047059323
-0.000993284792641047
-0.004272795722862516
-0.0019203616458460526
-0.002529965847996224
-0.0008724487969227201
-0.003894067748493546
-0.001412816705044534
-0.0017251818506271444
0.00011593529845732586
-0.00302340016258687
-0.0009657663288077656
-0.0019930831619210387
0.00013415474498310043
-0.0032307275479453446
-0.00048759866981651356
-0.0016797501142542248
0.00045414991511488756
-0.002867053213800097
-0.00011547301670608578
-0.001899685893892722
0.0005237402148920989
-0.002441518939741566
0.000177457782685575
-0.00210739461090359
0.0009342752795111764
-0.002685628962401654
0.0010089556475096906
-0.002650908194059609
0.001049277966081702
-0.0023739507681217187
0.001118013508169785
-0.0019732571131263754
0.0013156191372838966
-0.002111223981660193
0.001144145393748408
-0.0019727344245946132
0.001781202031889556
-0.0018376894519902265
0.0017890013107367264
-0.0017685739815836987
0.0020310091197437985
-0.0019402487454022177
0.0024522239996925543
-0.0018020776853953369
0.002560592124660449
-0.0020088570006400464
0.0024484044449436526
-0.0018784463924584327
0.0027103875550359147
-0.0017742307001920032
0.0030660650295851466
-0.001704775148504728
0.003086120361795397
-0.0022147148638155256
0.0029829167081240615
-0.0026316867883368067
0.00301840286631902
-0.002649142402143645
0.0030957783158120644
-0.0025547559695462685
0.0030223694654842037
-0.002865502408151227
0.0032308942934153873
-0.002730737920494941
0.002881128784272907
-0.002901866776635398
0.0026442084033772295
-0.00269425469733095
0.0024789000202858347
-0.0031049413601477727
0.0029082953781781606
-0.00216845700324525
-0.00010621543866859429
-0.0037269682173879104
0.0009719412223883894
-0.0032778068020255513
3.844174758549368e-05
-0.003802118835905005
0.0008312902842454728
-0.003805462757240863
0.00096391125765391
-0.003460971896301207
0.000858529732930241
-0.003258215047275692
0.0006768349561812881
-0.0033202492221792723
0.0006838640878890079
-0.003377715741725823
0.0008949807130548548
-0.0032059610514516
0.0011025004034213304
-0.0030422994603874487
0.0010131478041020825
-0.0032628379452441236
0.0008716113807916981
-0.0033261927810180336
0.0007356796973388147
-0.0031732541138687342
0.0009795722859275435
-0.0031743837375495243
0.0011580012559967434
-0.0024401527546989987
0.0016490972834390383
-0.00284036166031007
0.0015747666657057735
-0.0028700440494570933
0.0019269231787165109
-0.003006415221782466
0.0017906494574619902
-0.0028666804540291857
0.0021727197369663387
-0.0026590656256801903
0.00262252629628007
-0.002345931053649053
0.0028328966216473184
-0.0023787099454617155
0.0030092826378055604
-0.00211072331300588
0.002908891318177592
-0.0024057433121210114
0.0024777954283541903
-0.0023660326164426093
0.0021323192273221547
-0.002917820302746371
0.001906143223554091
-0.002565032127906458
0.001986093401040806
-0.0029103325865193763
0.002045554144340933
-0.0024204252348007937
0.0021659243437048004
-0.0028338254716230304
0.0021489591396161856
-0.002384877571072641
0.002455603725219191
-0.0027360682207362708
0.002229713262355909
-0.0020556076135997137
0.0022839375773633375
-0.002048215889054905
0.002316566887246241
-0.0017355548962042777
0.0026358667842734107
-0.0015702863733365602
0.0024228431207745094
-0.0012802241996204278
0.0029727325053599263
-0.0018278611258391586
0.0028171250611866983
-0.001474933773228021
0.0025656247599071536
-0.001778901405558253
0.0027140017280662676
-0.001784021170866984
0.0029760492327246535
-0.0018042449294267127
0.002764597995617568
-0.0019167736409553826
0.003517308827542226
-0.0026701057086275792
0.0032191266581703404
-0.002518583780561634
0.002469681904722243
-0.002466831519557261
0.002730959392121729
-0.0025177433810772143
0.0019325344420831059
-0.002690844072456372
0.0026534233711172084
-0.0022732373262522865
0.0016460805182883786
-0.003923494337482625
0.0034955600642981866
-0.001317488190120203
0.0005928819111349071
-0.0029864164735992904
0.0006492962667622726
-0.0027458546352585322
-0.0001129949754492543
-0.0030146846969074104
-0.0001751423609800129
-0.0028774247321250723
0.00014009732551720222
-0.0025271985508332484
0.0004788293425042056
-0.0030432509138213493
0.0005976109786296757
-0.0024074480570597523
0.0010362112520993783
-0.002468084097290102
0.0008762226729960854
-0.002575907540773248
0.0011083008722482246
-0.0023458356159181126
0.0013182670209276603
-0.0019613836130760176
0.0009672117848908146
-0.0016528742094057414
0.0005417612307882791
-0.0014035861571711494
0.001436904139034273
-0.0014099847836898938
0.0016138241683536503
-0.001124552230031689
0.0015189131719963167
-0.000729428821969802
0.0009780999436182491
-0.0005993527097565288
0.0018588036476883951
-0.0010986176945547432
0.001670695903582986
-0.0015095988188160991
0.0016496054616643718
-0.0007885439596986288
0.0015678449669764283
-0.0005503655543956654
0.0021161734059785275
-0.0007178240857954599
0.004389443163083234
-1.0473798460919337e-05
0.002315666239931763
-0.0011519608904214107
0.0027500720938001266
-0.0009825339465695804
0.0014521938159938186
-0.0014721734371127004
0.0014966821019616328
-0.001712027813603384
0.004587961945649255
-0.0008403332240399242
0.0015638134122080705
-0.0014409559473067823
0.0016181158898911918
-0.0019049900498477323
0.0006654340405241321
-0.0025465404004784142
-8.562063707437395e-05
-0.002505690604293981
0.0002612878526506157
-0.0022699044762024834
0.00046711623318254625
-0.002849521218994927
0.0009833733685221113
-0.00210282694244715
0.0005359540011527775
-0.0016537975625222356
0.0009025362641658097
-0.0023810634481336856
0.0008421406878091064
-0.0016706510381663264
0.0007861235843396597
-0.001772448110947289
0.0010865952524033995
-0.0018843487277401816
0.00253098139626054
-0.003125924954513498
-0.0012899871190777124
0.00405046748858906
0.003745476053368918
-0.002415027902558403
-0.0002698587008855835
-0.0017939003825896693
-0.0003743107576821836
-0.0023190321153875593
-0.0005541082796916563
-0.0020763196703779685
-0.00048468287181849257
-0.001835558446087071
-0.00045129931509432786
-0.0013069928583547552
-0.0001303407586901728
-0.0013762233792642409
-6.560565699476051e-05
-0.0012452264687010661
0.0003480212753769474
-0.0010796480091262162
0.00047811993342591896
-0.001059338758778644
0.0007968767831595669
-9.234147248224356e-05
0.0008562643424017136
0.0002899056583290649
0.0012412429077105491
0.0003624237954687193
0.0012609155331442523
-0.0005066452179222358
0.0004301872343386026
-0.0006468757438250206
0.000666082210550395
-0.0002055287993939503
0.0007290749489950454
-0.0002616549444495464
0.0008446134657282556
-0.0007225313246469744
0.0006591751077057173
-0.001043100613767528
0.0003089853449181057
-0.0005709293484423006
0.0002775769616085999
-0.0004419965285598071
0.0007186841323971738
-0.0003517205132091139
0.0006760650448427719
-0.0005680373705926889
0.0004898497836710314
-0.00065798171403042
0.0007768095244695405
-0.0007551456778511212
0.0005044803420390931
-0.0003545578147479689
0.001411174538032689
0.00010487836651504323
0.0013080952712969662
0.0008157066283817349
0.0011584991299632696
0.00025609052371797225
0.0013318972732595802
-0.0008468530468088986
0.0009450527270126463
-0.0005418400897354847
0.0011542373771003256
-0.0007823767325627895
0.0010178606681750801
-0.0012316248387915507
0.0009022804117908012
-0.0004824801882042373
0.0013300718830940583
-0.0007245156496828165
0.0006271524866697242
-0.0006205949231878061
0.0009658316347946616
-0.0012497443066455949
-0.00027928665365486993
-0.0009565078314964781
0.0003253707007935258
-0.0019436321965701497
-0.000558623255561469
-0.001468833516683976
-0.0005677526894833917
-0.0017799855933810782
-0.00025680815564563253
-0.001952361440308692
-0.00019929731309911713
-0.0018935945392993259
0.001871070799174368
-0.003051333373297521
0.005676750430962663
-0.0017225294424570159
-0.0008562107286101128
8.006001450772127e-05
0.00035776266036907645
-0.001961920378976495
-0.00038455472907045207
-0.002237200103972936
-0.0003362151127951074
-0.0017542490117589404
-3.070581903463765e-05
-0.0017658313809796322
0.00016564833855725603
-0.0014236600623862006
0.00030075192585657384
-0.0016310507296728727
0.0006409744440303289
-0.0013648929791935105
0.0004964435594424499
-0.0014074396725680116
0.000798747799036853
-0.0010962516158021796
0.0011099773155899273
-0.0009702794361579614
0.0011392484988815288
-0.0010318477477095356
0.0011389849358316995
-0.0011007305741473072
0.0011804791613468368
-0.0013071848336365377
0.0009711840326023236
-0.0012093292080649631
0.0011407379579748134
-0.000797434298306865
0.00118861822521521
-0.0010219626792205005
0.0010478100673597113
-0.0008153976981194189
0.0009074978623192786
-0.00026623498668895684
0.001368242003313369
-0.0008312366555184025
0.00112555408723658
-0.0006669773510832866
0.0010451524601533813
-0.0008917461349008671
0.0008377992464316253
-0.0009977276586275452
0.0006605131120819285
-0.0012491667808817997
0.0006129249293015671
-0.0009794641732101539
0.0006457445292424036
-0.0011692001731909152
0.0008711719763155878
-0.001162453165342664
0.000589427149419286
-0.0012797170187860973
0.0007823566382794411
-0.0009600306154614602
0.0012899760640508184
-0.0008155463522659945
0.001632553970419448
-0.0006467648141467441
0.0016624908701091956
-0.0007755700081888139
0.0016973231298308966
-0.0006132652485004164
0.0017162085507375913
-0.0009406478012894681
0.0016805837117758737
-0.0009756842245020048
0.0018991150636680776
-0.001313674765694911
0.0019941979797751253
-0.0011846993056401078
0.001849391373316911
-0.0017417395331570662
0.00170977726562474
-0.0018136377487871502
0.0017975532206375433
-0.00219900754927127
0.0014464780710456426
-0.0023392240676977927
0.0013107618138714638
-0.002552333363766923
0.0011290472766452286
-0.0024240947612581
0.001116657411734584
-0.002424017279273938
0.001390912316984183
-0.0022553373852705616
0.0013996293923407288
-0.0023597752764492053
0.0015423919604675984
-0.002080672306888659
0.001295519259506106
-0.002289982438372279
0.0015306590292924471
-0.0025014765176371023
0.0013553796574522214
-0.002469525319992255
0.0012170886231360478
-0.002270546834096082
0.0010772846337734066
-0.0023397435312129677
0.0011421717568492473
-0.0021732411472394353
0.0012469702678576111
-0.0022095452617735267
0.0013482529045738267
-0.002211691482799788
0.0016236667646002956
