3.865134088461598
3.7254046058987056
3.6791585721864735
3.705799692760124
3.7019745234275194
3.5935384291071126
3.5943768805669682
3.6382453723111854
3.546615390864348
3.6519016455935795
3.3831587504507095
3.6036981310172886
3.3895663597860235
3.4141373499873566
3.4055139981854805
3.329218600959577
3.3680722539710617
3.298257845323085
3.284871347260117
3.2490773317526824
3.2738259959816167
3.236301525130783
3.219344653264167
3.244175496383302
3.193554333509883
3.26010249813744
3.088860145429844
3.1169663576265756
3.0894878394191343
3.091202964014324
3.085178004415663
3.093972858320894
3.046137556387004
3.0872670726720113
3.128206060792822
3.067176383525608
3.1379962203487417
3.0214886849455467
3.0000854122584295
2.985362844611002
2.9851434128418077
2.9704621053194176
2.967576562047063
2.9599836092753717
2.9478469097714743
2.8877911517703225
2.9012724063490696
2.8671724587947116
2.8977875278614573
2.8608039603150917
2.977504222744449
2.876258068170027
2.884990962900884
2.9239264698735346
2.9291490935977658
2.8718695816630415
2.867534652619998
2.8806946293306903
2.8651420006217996
2.8754859863028472
2.8431555612545694
2.8468712244973022
2.8327354342422795
2.838265405871965
2.847422710707612
2.865507306926034
2.8506898124283286
2.8349128828547028
2.8511101273123822
2.847777771526002
2.8302412652925986
2.894743337233122
2.8103799397966562
2.831931192708285
2.8154515352570355
2.830896329237657
2.8399533975483244
2.886822702827604
2.8749609019843887
2.934095437863266
2.918768548585289
2.9770941463438048
2.986321832698632
3.078845614585389
3.1849022573378623
3.3529597956729673
3.455377850657819
3.718051323823071
3.8874787648257234
4.180653008557409
4.364464167650026
4.719726625489409
4.82348979308337
5.289864626853093
5.2589480108726185
5.214753964708816
5.8089709847347795
5.749178939370673
5.726150224901199
6.295960020140134
6.202536038656947
6.34476662125205
6.215807719815201
6.735054360000697
6.533762452894681
6.433530030174544
7.183748316192875
6.801636011696573
6.592693579653214
7.054039128823345
6.917198874046543
6.663399382587692
6.958753159027272
6.695570705588172
6.810993969094054
6.75905247112429
7.503852358627471
7.322516639725727
6.9595089278361995
6.9527370300173
7.498126506874371
7.390806038885139
7.126761572292715
6.85628700731978
7.534361568723188
7.021924624833168
6.9485743150617525
7.518323413714312
7.313146831377515
7.1386418564665055
6.917605051770252
7.475338192435326
7.117968049844296
7.121015137208715
6.981926388050017
7.531907257339148
7.350999569846545
7.019361627653241
7.500966329574638
7.3038242605060955
7.077912439339559
7.355039863032559
7.252914510425622
7.107236670681808
7.247750679019652
7.177828078553629
7.0095060212056355
6.832352342474605
12.293269085706234
7.219567870217874
7.126744624722151
6.96639088299031
9.628324072023876
6.9776442126928995
6.96875551189501
6.913804006289145
6.904149883159358
7.497608068291049
7.438576399829459
7.269435454850699
7.011376096955166
6.814801051168067
11.819440635227787
9.634717762957239
7.113166450661378
7.01091263264005
6.7652478996877505
11.473992982488012
9.395872704128431
6.910444107510026
6.836128359546069
6.710588987150986
6.681839502045389
6.677740988099807
6.596118310247786
6.562266134707913
6.632348291538395
6.5427161341559925
6.928283283299838
6.793595178377803
6.665153644471265
6.507313520487502
6.6152228698432305
6.482569422866531
11.737670182781633
6.710299439849755
6.580522921642055
6.524321624004445
6.3355948911823345
6.739988202874397
6.506212736175817
6.379599774110132
6.1624227963471405
6.108253730551646
6.119376765447854
6.011269963109768
6.434678517102188
6.177607058648492
6.128759499967225
5.995777479635312
6.529063832691196
6.1628699026326785
6.098530577550232
5.979466221267953
5.895849939155103
5.843377491512849
5.826622457978087
5.771471040090752
6.050704017854938
5.908882613054027
5.756454856096087
5.692464474217237
5.569624459974312
5.986409793577502
5.826651904772414
5.702659267588506
5.504644118074658
5.793371333990519
5.62961064620376
5.511397418474559
5.3938451974212684
5.456671620237573
5.338925344713133
5.543183179199382
5.40904951427203
5.296738338259736
5.2983222606394555
5.223160421720911
5.435507293070679
5.3206955069008846
5.201772822874351
5.23269194026789
5.186060809806422
5.067911546585212
5.189745560446944
5.121612819193558
4.953518684540863
5.102651425660926
4.991978742866222
4.853846214877337
5.018249127702071
4.95459163957388
4.901985452658367
4.758751199959787
4.87302342433353
4.835169112530616
4.685400916671435
4.724463836904344
4.672121915197223
4.571000115051865
4.604042070676268
4.5172607031455225
4.499481010045663
4.482212788510556
4.447536552777417
4.415779459431994
4.37703389561642
4.356896548112583
4.282682919720734
4.271630893733853
4.877955775484528
4.409562129698173
4.346956549439004
4.2014285880456015
4.387639612507352
4.280816135403494
4.131462578544869
4.148154261717829
4.079395155814019
4.211447924191872
4.146030250705734
4.019296379779045
4.072094035481571
4.031004433102029
4.006257743903781
3.959060153012752
4.017352506912317
3.9845224692243537
3.9173596674664894
3.907369323304491
3.9301867951568665
3.909497898173469
3.9264086998074945
3.8873336023138174
3.870277281291499
3.86309905776283
3.846484093022253
3.8533659825104514
3.8359213656830566
3.8119348706684946
3.8145215110620443
3.7633960773190163
3.7826852205053787
3.7473057750322303
3.7640278295662974
3.730569723138833
3.748098429704774
3.7107539740027735
3.731433780520604
3.689079692023807
3.7106716918324443
3.6692563795489765
3.689863528596021
3.642813339860855
3.669574897845234
3.6281580825618236
3.654659290956886
3.6091886255617314
3.6368461806990764
3.5988985950565113
3.6214510631056647
3.5756215003108776
3.60200004453847
3.554968298666411
3.590655895898748
3.5683356880907744
3.528104009302999
3.551228352119308
3.508262286385018
3.5433669216350663
3.51267524090698
3.5276913973749577
3.4946045422311065
3.53222109020961
3.5069772778444
3.4798975735282074
3.4963719297134155
3.465993880939768
3.4863140201944947
3.456906702743563
3.4752521017653364
3.4463016634153254
3.462399184426526
3.425273501333223
3.444579614151444
3.4045354529639376
3.429143810596569
3.4019256265544704
3.419702227727135
3.3880703191551307
3.41241285225879
3.3723922239435558
3.4010907359563416
3.367509779287574
3.3932058149030095
3.3593430901796704
3.39025005878933
3.3630787654351475
3.3844579990592036
3.353238882114136
3.3791327883612507
3.35069396299566
3.3717003570097073
3.3434157258353627
3.370418370908201
3.337491413516311
3.3635171983836547
3.331268491145619
3.3585380037487
3.328806041731196
3.3517223395144793
3.3201747280217124
3.3417247504222116
3.3179122268983248
3.336895123385057
3.3045432465920195
3.328915561269972
3.3101021196275884
3.327881198259362
3.2963788542243364
3.320089586539781
3.297243134375672
3.3142298261441194
3.282621091242557
3.3041434408075325
3.278245850067888
3.3035536596081854
3.273976841815189
3.2951593920364255
3.2731819211885127
3.29261012616177
3.2609666517499396
3.2862884928147333
3.2600083910542152
3.281788692593662
3.2701684663595
3.2691853135641074
3.2373955310493665
3.264786546256685
3.2321996219279976
3.2710854838143386
3.2340787310740873
3.2657432454903415
3.245488525193165
3.2114054832457466
3.2500823257262215
3.239442190285048
3.2350356048928606
3.2284986472667736
3.2399909624213805
3.2216635594864753
3.262936291767318
3.197846853453013
3.2374798102502593
3.219512516062264
3.238572792744283
3.217947113533314
3.233192615829624
3.2131939994920256
3.2316343580850933
3.2241538073284026
3.2324127031392247
3.2187620438267173
3.2293005430381294
3.2133022403568092
3.224336552187981
3.198603957599883
3.2209522333826914
3.2188711015033697
3.2188875848671037
3.219131694508895
3.216457741485585
3.2110875028560204
3.2176837127189777
3.215781171695084
3.2145106705986333
3.2083030625905837
3.2140674917458867
3.208657463604176
3.212697350835971
3.20075792604921
3.2103310254764357
3.195113469336559
3.204040202863872
3.1991335045553346
3.2035177013152305
3.1907801653215984
3.1975241550001177
3.184091112151058
3.194172300117462
3.1801483696696193
3.186821380305089
3.1815386646014336
3.188170739342112
3.1728824340555835
3.180773282137998
3.165543579561622
3.177108808103489
3.1602943070163914
3.175141352158199
3.1651267162858208
3.1720689434798235
3.1552542892282935
3.1748948287282466
3.160843462880007
3.170669054172259
3.15746442864754
3.1667448451027194
3.1525179901638176
3.1601274124865095
3.146549947286168
3.1593169643114076
3.1482503153087587
3.1550796769126115
3.149119948307056
3.1547926763447256
3.1406413221896563
3.154198249544124
3.1394393450458318
3.1549123473547254
3.1428129591563856
3.1521203950649306
3.1450326881223045
3.1523549707195686
3.1409088660225457
3.148986582775329
3.1315822329647984
3.144264037053139
3.129061630951084
3.140368130207168
3.1299059278418135
3.1417643360203362
3.130807179258069
3.1413757069466675
3.1307627206159054
3.143090405546382
3.1305565676636564
3.1414685469086887
3.1310443047937597
3.1452008681734553
3.129090511436867
3.1413915430657875
3.1288731602413073
3.1415211735461264
3.1234123611298243
3.1397043318319473
3.1221560657947216
3.132797327235366
3.1154708454613167
3.135963407135505
3.1146041314345037
3.1374276895037596
3.1157468888394937
3.126887707263085
3.1123441431183667
3.1293353744547865
3.105987022824143
3.134988396300684
3.1071677303624496
3.1236939064180653
3.107145578106964
3.1234854294236314
3.104210410145097
3.1274780896945082
3.105401927341042
3.1321697700217923
3.1027659597294033
3.1451072725291245
3.1041765734671665
3.1470214553741713
3.094832153165606
3.144814867617329
3.105013779823821
3.176551655810652
3.0963986674720694
3.1343429845790367
3.1297893216105055
3.114631999028941
3.1235165065048918
3.1165269634733663
3.1113524818771343
3.11889794820201
3.111253979478469
3.1138114528672554
3.100705491691101
3.154846565459698
3.0981019407125405
3.110623896903857
3.1068059662783756
3.1103301291141277
3.089979854536507
3.1079966318558
3.1036152159268133
3.1051411710514425
3.0838249125267123
3.1009965364809657
3.097186291045837
3.097785701941615
3.077818775538032
3.0957048386003154
3.0918648767092263
3.091052374025569
3.073381139754323
3.090169597138532
3.081976624895921
3.085014583467359
3.069230698931144
3.084664702133866
3.073879735016508
3.0786289353104883
3.062933364856257
3.0785744113919575
3.067993176098401
3.073608922616301
3.0587654952879495
3.079965217767312
3.0618726849389653
3.0794199985832202
3.0580041219002663
3.079507246216533
3.059205117248962
3.076017992473773
3.0559701681439666
3.077760764852677
3.057959149688152
3.0734732295024845
3.0522459673428513
3.075798996932694
3.054496505555741
3.0716464450481458
3.05013640992479
3.0726280451107755
3.050745731198401
3.0738662670513803
3.0492905053140484
3.0743031352661747
3.0495033526824336
3.0740653648797003
3.0500958657977786
3.074905161543532
3.050622271850086
3.075512671214175
3.0523637097224907
3.077799003613671
3.0519852739912023
3.077873179899836
3.0510766478299036
3.0775851614545546
3.0504779752355202
3.0783074653473426
3.048264359907159
3.0770682047123743
3.045806534685395
3.077075726601913
3.042763282025526
3.0741561967532203
3.0417407820832096
3.072963219010101
3.0379571764173257
3.0691459118745295
3.033083929321106
3.0634443951097374
3.0326072446447263
3.0508874590498536
3.0340310615751083
3.0535696211573216
3.0313000384645594
3.048288620982905
3.027350094978288
3.0496803563314034
3.0299927728166853
3.048905593374848
3.02710474774078
3.048404727047341
3.0261815500107354
3.0464448860870417
3.0239004294062988
3.044701116564173
3.021183784705083
3.0423041883961144
3.0195571732850044
3.040496644521661
3.0185064019996015
3.0391123745739907
3.016238279216521
3.0366956776816094
3.0130757441080327
3.03349977290367
3.0103380916804774
3.031881185233804
3.0081930067085847
3.0300680715127366
3.007405258223338
3.0274269226661494
3.0076354600888866
3.0260148824891093
3.007394930566694
3.026039892888584
3.005383043452825
3.0241248000947185
3.0016227676489367
3.022657648988797
2.9989009587658395
3.0205179710460266
2.998722114532963
3.018868528746914
2.9983622570208968
3.018639501194125
2.997930652262338
3.016814546916065
2.9966222149661097
3.015895846164268
2.9956604559550706
3.0146045565433104
2.994512520130563
3.0146970894431577
2.992753153547482
3.0125834368692854
2.993077074447351
3.012521421959584
2.98945960218748
3.0096056498433037
2.9894174275897165
3.0091789918824388
2.9853447955670016
3.0067489962700513
2.986833244421993
3.0065964202466953
2.9831405717260657
3.0032822060729107
2.98029511486599
3.0005932000891424
2.9797945107851165
3.0000592360560083
2.980130351196996
2.9975930529689827
2.9790782761853762
2.9976365663590987
2.983013409263467
2.999380846526409
2.9790599027533973
2.9973860928439606
2.9807921430730002
2.997671931728938
2.9782679817335995
2.9958404953710502
2.9792356923066308
2.9962338012623073
2.9751164785568944
2.9955803151782896
2.9796234877119447
2.994556917535223
2.9851048606258455
3.00217800400202
2.9810570486019072
2.9989043801126565
2.9807772989975865
2.9986664231088698
2.981274996856244
2.9978552219886025
2.976995406516038
2.9950648336155554
2.9872605100930034
2.9881875702280754
2.975785084683366
2.988683452919266
2.9772109624824767
2.9858198559405826
2.9726271304179397
2.9850082699779135
2.9751946551029635
2.9807415706291396
2.967652855710275
2.9768100229108114
2.96490516019909
2.9739057559667987
2.9650008819352585
2.9731992483349328
2.9598237977169255
2.971182744273358
2.9559007136423947
2.9662264992727176
2.9516093331545177
2.9649491427309265
2.9488756973414594
2.9603141044454016
2.9461426008416822
2.9554765461542565
2.9424659779922795
2.954450780513725
2.940363653569783
2.949171965562855
2.9383997965473982
2.946498962702302
2.9360250039547293
2.9430773507265435
2.932582958546344
2.9460814654615084
2.9320785415289055
2.9404177062119548
2.929485735446704
2.9376567077039777
2.9349578610643086
2.938776409607493
2.930787299922187
2.936097034277268
2.928560990640151
2.9336908009642255
2.928240371241479
2.9317557037955755
2.9280843638276055
2.943326489262776
2.9346859720790315
2.9415051393648564
2.92751537566615
2.935046718378768
2.925714295541303
2.934676866826232
2.9300387571009345
2.938821029648167
2.928435580894129
2.943568923858343
2.9338693976920576
2.9408446142907323
2.929254647711383
2.935513379873554
2.9257251721897095
2.9380436315231435
2.9271150760613174
2.9324356902773663
2.9247503879823795
2.9299911620179815
2.9290573020241726
2.9332114021451567
2.924586372717168
2.929948958174814
2.9218081479631395
2.9259507768557578
2.923294417458237
2.9268935861424588
2.9186403919159902
2.9229048634715467
2.9152877808558246
2.9205723234484715
2.9155403091139847
2.913541708237841
2.926202097468863
2.921758660593747
2.897748690443329
2.916487578364567
2.9192443408829436
2.918131841981153
2.910187069388032
2.9148763090368472
2.907293121147016
2.913599955061097
2.9022138329389042
2.9089596973487835
2.8983640666654176
2.9057234154234677
2.8937652275914942
2.9011365744031674
2.8912851872588803
2.89821991688765
2.887681216725841
2.894992266674567
2.884611936916219
2.8922813745186087
2.8839995906412477
2.891693403954958
2.881742007750263
2.888904416890311
2.8818859205352054
2.8898836082029136
2.8818204142328523
2.8900462490773036
2.883368026942026
2.890855842166861
2.8823129409875934
2.8899329444992317
2.8811627153551007
2.8884955904378353
2.883336891438047
2.890921966657401
2.883557080052004
2.890449778493527
2.883864798273505
2.8906664179238044
2.8820295960236777
2.889594699358837
2.8822355316972565
2.890632038524046
2.8836430150933974
2.89199849520852
2.884753751922205
2.8917696862394573
2.882847662864818
2.890916385797858
2.8834022114408024
2.8903957220308594
2.8824305435579705
2.890320406501966
2.883439265457437
2.889876878540718
2.8837613507082955
2.890751736589315
2.883979426372633
2.8895727206712007
2.886936843875931
2.8917905653723626
2.8847348214459827
2.890058825137046
2.8842538738966286
2.8896572399104543
2.885039387910479
2.890502173716439
2.8839069766632632
2.8889925564557903
2.8832919308861498
2.890340615817119
2.883574880501808
2.8897752681065167
2.882330678965454
2.88976836621526
2.8821417676541428
2.8881259600239737
2.8801349384529233
2.886562163173204
2.878621345092923
2.8860196754902123
2.8769238649304714
2.8821766062333167
2.8739908477941802
2.8787652511092006
2.878323861510567
2.871046363706053
2.888550865635591
2.881399116140075
2.875881350508043
2.877377188582107
2.862599806374841
2.876703266995708
2.8633912752246427
2.868405961542331
2.858284563521628
2.8633848774526407
2.85351323565115
2.858501246986667
2.849459170376314
2.8543202228988123
2.8455411042099747
2.850511663831635
2.841837631375175
2.848504197268685
2.839329379428085
2.8456022101898935
2.83573348886998
2.84215985951446
2.8325138717472065
2.839324529826765
2.829878974511513
2.8366445498912554
2.8272914873653017
2.834274723376134
2.8246735185619882
2.8313025210265494
2.8223995971026774
2.8286961415004273
2.81953407238548
2.826354120432509
2.818348491752678
2.8246303401538486
2.816260877752334
2.8235721154110798
2.8161317929735863
2.8217878012249726
2.8179426860087307
2.824649702561705
2.8185763293573523
2.825230518687156
2.819500061760501
2.8263452298112166
2.820234552084829
2.8259126146225775
2.820148703136512
2.8265758656053346
2.820424341847932
2.826963597182224
2.8215345007783745
2.8279532708871242
2.821579143270853
2.828715615197861
2.8227143546801994
2.8291288704560107
2.822800584797025
2.8313445560361497
2.824405260794239
2.8333597214825366
2.827724590153696
2.835254432546301
2.8301132796220982
2.8374519704711836
2.8310793193754265
2.839110594154708
2.835081649688346
2.8411849405004364
2.8363119191648445
2.8433447405165544
2.838853619255761
2.8455755593158343
2.838874594800918
2.846782682881741
2.841463849304058
2.8489336845258673
2.8430821786383085
2.849996071953977
2.8443607678164575
2.852904862815645
2.846587849872579
2.854176431038489
2.8476849373769353
2.855851457675566
2.848305556581026
2.856924905396142
2.8492131645244085
2.8576770261464586
2.850281070156096
2.859125122903883
2.850970650194151
2.8585013220767
2.8516375012047104
2.8593843821687632
2.8530658724074027
2.86001851371044
2.8536021672611986
2.860677553284714
2.8536440753797834
2.86077645208684
2.8541356039473427
2.86050996004155
2.8546265877727732
2.8600518648798614
2.854649425620512
2.8593891565969294
2.8540467214318137
2.858816838473946
2.8542564014088434
2.8589149580676843
2.8534254187207546
2.8584880882581136
