51.41454444043425
46.5191926420825
44.73572944675886
34.94480735903558
45.056580481297644
30.95747359072054
40.06104094958659
39.36151702664191
43.96390974056147
39.50368933386381
37.23928054370416
39.73191194423461
34.81903005476656
35.88753366749485
38.37463543519097
30.003457094549756
41.03730969330232
36.10342607488574
36.512106003328945
33.35712465836964
43.74114927833499
33.702586514124235
30.776300460295307
36.08077304651765
29.39116632244293
29.69691298387038
34.813288772463494
38.84803939485476
29.086318681721632
40.412786351060014
27.762874129664567
32.68556478941023
35.99077771197182
34.237909614203744
38.136408883534976
26.704380910483305
33.580858838790476
33.48054831689215
29.569550674619705
34.20715048603965
24.792028148381494
35.44359085765713
33.3478846161763
29.862769764291333
27.47912340406908
36.12585257763218
30.81609231754454
28.193963996774695
35.57186895715772
29.774331848198614
38.94567468977614
28.702166771283323
42.34221236294806
29.651767656094844
43.37858124879211
28.08288089031879
45.16080858283977
30.463984832779442
43.6061841906944
29.149607763335677
46.32176798459135
31.735556309210462
43.705132079042286
28.741817322404753
43.00373676636803
31.998488790666798
41.477019594866235
27.454861135997298
24.120221950266167
29.940038990864156
26.83918344339909
49.191512946323975
29.125617865321054
46.64458414593305
26.272920150318797
43.844837188075346
25.936569218031263
41.765982995718275
24.004528959271628
45.353832972831995
28.15261613825723
40.86056468303755
25.104923048447283
40.055325852806796
27.927422572657363
29.022313173851355
33.8654277202237
29.396676192380514
33.38586017184993
35.97689571444956
32.86649218459274
39.61780795070625
37.840443911133164
47.90839407649715
167.27344091027487
48.39003904368688
182.57926772542456
50.85726921868955
44.983002330446126
55.9085789958095
48.75347118961614
51.32771489161366
47.487731076652985
65.07543464656734
56.375956969999166
56.68666215861321
75.45937231437394
63.17169325678848
51.60720896315218
68.69670418548486
60.938053835252674
53.95956153774765
68.63647775263416
67.51316366930355
55.43665436971875
54.733644123948736
308.6372232831996
71.08817869100797
55.266844820700115
58.002507579726625
112.86939300961349
86.06630722457807
64.39081315798686
55.65313964963565
71.71617184911274
64.90860430083333
56.86844273914699
167.80359486041598
67.44106397494703
60.89494252823781
62.72737277693786
69.45116900055837
69.48168980126019
55.24791367016114
61.38321795496487
184.1352975872243
72.25457399821511
63.730614730216026
69.46865831225303
61.5985931908884
69.35337911356689
78.18114058875655
67.03763255055745
63.98287369513045
70.42416607196174
57.14051406553955
59.68558433771916
52.78890549659699
230.1421180759107
258.64463939142576
65.9880637332782
54.94612935238648
137.39695458076372
230.83763836112323
64.06602705570222
60.199677982537935
64.18917932670391
453.7181927183156
277.298963746701
58.76756802505436
56.457413112948956
53.841070178887605
208.84118157161134
5640.266043717542
74.65836798632826
64.70258829287503
56.770518730407645
186.16357920586412
5272.13595878128
108.73176214612134
82.5319814793508
57.36894338422928
58.695515369910645
52.51958481699786
53.02492319836769
58.14187766622294
54.84830972689363
53.9949273153232
237.5200705903025
79.34088611097947
55.07481246908004
49.798133391563276
53.27773486261242
54.49714694768997
169.07447567323067
314.32783183711905
62.93865771183741
58.44670553725986
56.65435235260759
245.35422674641802
49.63559637851983
48.01938009609089
50.6531940817435
54.28094666933285
45.08829226437703
54.320303212326
353.6302159881185
83.0648900129083
50.813322273040264
48.34502863569873
644.2807920165757
70.42051280624612
53.88835451273903
55.780502235291024
50.2347901907467
49.679621984885856
44.129162366108595
44.87041184404396
248.78299897888857
51.39429163149623
48.05237931497394
43.248690136778485
44.906141689294884
127.69591885397672
57.74963617174849
43.148952758083354
46.677784881278974
95.50148608351854
49.94407914929986
50.44003824236614
39.9942662631706
43.701541195680946
38.79949672629617
50.4547977360711
39.844121919365115
40.64368246504685
44.61106783648342
44.95839805655365
71.79424878065548
44.08007804796127
48.63969627926677
55.403290647047825
44.71415053837917
42.85771465910189
56.13309870992003
41.220501068895885
37.80668996947335
44.62176583933671
43.146575636987826
32.624981971821256
69.70393538971686
42.11249390523928
41.00199063294233
36.17021346453295
40.27215564429825
34.477498099770834
35.36557802552387
48.213964534466605
40.38784747067039
31.75275630177036
44.27705638124902
43.362934962756334
37.257744766472904
30.662907937290534
42.20607603826679
36.01404418977167
35.15969799251525
32.90312551293873
36.76146837865072
33.97389052905047
599.6468739278977
41.86492036294205
31.62426294688673
33.47458880483174
40.768317869397436
34.100056640143784
32.43922212073381
31.681417827621985
26.13716661880343
50.28561233356436
31.50504167524558
33.37201588165268
38.2343872373364
28.02356726398809
27.20486450641049
28.084499127667705
42.21719076837131
41.10985918787605
32.100735360444325
34.92096620150158
32.516938006445045
34.99171634373908
28.86166491669886
25.974219583369823
35.1606046122866
33.56908505320325
25.01400791867555
39.5899742087415
31.45581323116767
34.81632033261301
28.08196250680274
34.34201875957492
32.09461695602586
24.653279281809052
24.82533923681787
24.04317403275547
24.51866601346492
33.254586747319365
24.48465472733706
33.42668624710901
29.09813688683448
34.212802887988325
24.853463214149137
34.02305387805399
25.46389309914717
32.233097027464275
24.573577083834994
31.442729136716427
23.995083552103498
33.557326805515295
23.877975403754682
34.09844133431849
35.14070549905102
33.588138437668036
36.06519727130892
28.241323278733073
37.022702762565046
29.6902999405793
34.848152338281125
30.166676182449788
36.124042643481026
27.173043978858292
37.423026942490075
25.133291062389198
30.275659647791315
31.323350626743167
26.583952049587477
30.039439246888605
29.073881123905174
31.40581718586278
31.13386965871358
31.067694469610593
30.72619624552368
28.98259922606914
31.568689203671838
29.339709961828813
31.72221658553786
31.587951441994914
31.08096307273573
29.032131141769487
31.62442876765152
28.984518090013506
23.08942137352357
32.856968277426304
22.068271592769047
32.82695533410295
21.389042077708094
32.89858760768255
21.37917508310858
32.69032035955898
21.76916064513791
32.406721959134366
21.596981489618457
31.969823184174633
21.474093882313895
31.932023931521964
21.381619814551776
31.65014290952017
21.334890435888077
31.30519846270011
21.317255016041695
30.481149484309412
21.191713521412826
30.290760234205308
22.077666193245026
28.280705368141255
26.275153546585095
30.022771679243398
24.075854009529063
28.219009662060376
23.786004072062788
29.860513467111403
23.636654141226145
27.982194589122862
23.27637308319732
29.42254746712489
22.675002350007443
27.954202616693085
30.671857229527898
29.633342991439218
28.341996217379293
21.37376529075316
29.332353105726575
28.36265160125524
31.69971468793363
31.58503532368267
20.812449357080386
29.453651341460045
31.66911394203815
27.690374437716375
21.7389037687454
20.74439158010656
27.865574383473398
31.53113096838938
31.004383720021895
31.26076030931725
30.25871710011257
26.59692655103108
27.776652229041943
26.793610819769974
27.92511211941865
23.651497177959197
22.287286517598613
23.548950229056874
23.065499392576783
28.008820292471952
24.433091343836775
23.60168617606931
27.942294515775625
25.175162929015134
28.214653149037588
26.57378743574417
29.534592091681375
27.450762851317354
24.98711121910217
24.833754241451317
28.625192220762198
25.482260860650847
28.577491271607474
21.303511899392138
27.637201958548218
25.380324463243376
27.90302347856718
27.822981352680102
26.601464210285005
26.17799053666117
27.34845334034212
26.469350729997327
27.620023300828482
27.500286382821184
22.46600058105706
27.361474386561035
29.22171768243917
28.704590731965844
22.77591326599368
27.601428172947667
27.45692159379801
27.011531146265956
29.10776184270854
27.41146365285922
30.083524437528947
29.329919375852963
27.59274640214856
21.428271829350436
26.56541997865438
27.02340987207896
24.905021048583283
27.300906088737655
26.49406072894015
29.88438974957542
27.100423584563202
22.346433622528874
29.187518039553904
22.092890729704344
27.531975218332164
22.764303038849814
27.229757144873705
21.941278918000478
29.860535833918764
27.316792648114447
29.582570956781044
23.14197261693313
26.721060437090973
29.73200787678634
24.151873255587056
27.4730943503124
28.651832205899705
24.966351694875343
27.56026684330951
27.56597436685995
29.52338000086782
29.100992566808163
27.020000625412955
26.795660818077874
21.844224666405825
27.0932053922921
26.810396184530994
27.576207321609367
26.313474992150645
29.091260581630582
27.092747974633205
27.191462885436344
21.782480874628295
27.05184851544887
29.290455080721227
24.304665809440305
28.78192747508501
24.77083009291268
26.961778518900246
25.418810849134758
26.91859635498051
28.26413965400487
26.652391297488958
26.432767935648542
26.531086620575945
27.72237148404843
27.344338923728873
21.835807600259198
28.516462919596407
27.137532950266422
23.743960062685428
26.90029080292674
27.076427655745444
28.36911356231693
26.755782309092844
27.619883409250566
24.62001405412099
26.794555658382105
27.30461142900282
28.328269560398198
27.12982731939126
25.81473998476267
27.45612634189368
26.75348187512588
27.156237468921766
26.32146857654087
25.483798579833767
27.5984883879436
22.075481216309363
26.21598989001557
22.373228131605803
26.43925674606595
25.400703915987023
24.14443635210095
22.705244728642505
25.663101902099744
22.795024721439198
24.461610690008634
22.535157164783083
26.432767644363146
21.72185318762493
22.746932698587038
24.801628780802336
21.22096433375224
25.638548059274264
23.957663234010763
23.01700271934017
22.528843835553687
22.125268530000966
21.52213141771989
22.988149177877286
23.85062718697417
24.015955345568027
24.635759700977584
24.679939446835636
22.506030238643113
24.843253989422553
21.674585246301437
24.445562214966554
22.50065923393765
25.29563451995598
21.833232981354122
24.9535743450307
22.363396926553204
25.61533602310796
21.933068739616324
25.34070055486998
22.082901940685645
21.531603184464416
25.435918350139904
22.857532300257894
22.01792332779847
21.17286587082518
22.299425963679077
22.916397867617892
22.424122558120793
20.496028829051916
22.463703632644588
20.455306966035145
22.580341155086764
20.208070224887784
22.394358804202074
20.118560693613087
22.40523725885813
19.77461936526376
21.94685494337206
19.78885167702642
24.78568658549818
19.5709372240948
22.70046368951651
19.735962116425917
22.121502040964057
19.596637930444817
22.455488008643826
19.669436538642387
22.20040761775231
19.63713400017798
22.069567346155573
19.662125865914238
24.40590689812389
19.68517145431378
22.19367711265262
22.810063606981544
24.261205775514007
22.707628910081162
24.21190424359698
22.619312117278056
24.042176294038256
22.61126079581538
23.986596000450422
22.54223669012226
23.789367899865315
22.592895648907284
23.57642218087708
22.49744049139062
23.190206215709473
22.691347718070002
23.242854015195796
22.44778989874634
22.776390985608067
22.772125081969175
22.398693908659887
22.23136756417108
21.720947677861055
22.923270791266273
21.912850953171272
22.738033042455054
21.795814471621078
22.919645712012716
21.929341752423483
23.01057821238624
22.309767612151102
22.93604056044137
22.6414709650363
22.937458750250702
23.187639635070614
22.92518392261483
23.753290148061424
22.93789134624542
24.321851673837816
22.931469579055914
24.887721975685672
22.935090270790436
25.412273746913527
22.926542928300858
25.887529604713766
22.906319960945968
26.300969040862643
22.896650508198004
26.662474428361914
22.92729549033234
26.952123492691957
23.03266915393831
27.06809453035435
20.93883410280167
26.655626340083785
22.904950092617288
25.291127250061983
22.88730190348774
24.73150871469262
22.88525897124009
25.59097630115343
22.826109840863147
26.052604035287153
22.746571955551385
25.905836794189902
22.762469565515982
25.007401352827138
22.629747342637557
24.530426383777893
22.638269054802333
24.86824192819158
22.449980432795005
25.022438085007714
22.560335155906387
24.793783356995185
21.940793093812957
24.40206281266985
22.201775991331886
24.071046096875616
21.68413402669542
25.011585496152893
21.777999189641708
22.70788261114009
21.561408689932595
25.068437049145366
21.602772994647445
21.51914800704889
21.57267488968487
24.58824968935811
21.533292661456407
24.664205332715564
21.499218157723266
24.22043177487838
23.861659886463674
21.262903691038925
22.777126211236073
24.968518730214043
24.525654571358203
21.310296661883825
22.532275957597168
24.75172526668706
25.137041842797306
25.361369839522073
22.40412406718957
24.987151781970663
25.82119278022748
21.40058489149432
26.249730289453407
25.232426776326424
25.54930807954325
25.39400208936203
18.77227021835077
25.58912925662049
23.611165629019695
25.563123182014944
20.854968591672957
25.60776281096594
23.89673385820529
21.766548755030765
26.208917650633264
25.316369395908428
23.290859116776062
21.419259925380597
19.925008983396832
20.932879468543675
20.753746741372847
26.271384855645028
21.92126637010318
26.12875886819613
21.641034531142175
21.054739116010076
21.24039760704722
21.51467124560936
22.609832146908765
26.432594514467883
21.14648226218319
20.96857687891218
21.383553055171912
20.95001222085534
21.251917695911573
20.910526367181824
27.064695511525212
20.87427907913066
21.27220069933621
20.840694950682852
27.87245132675471
20.801916203151332
27.672636778837834
20.753278697472513
21.10246071192754
20.70775764537704
21.15978723969985
28.183743161405655
21.07442784311957
20.6377759111464
27.444246212678777
21.41463917593113
20.968441343392794
20.5599489028947
21.049343902074575
28.082577345848346
21.011902332238346
20.64579488720109
19.615091438174233
20.63424833274216
20.63782998222417
28.373304052755703
20.819579021437338
26.333447356794316
19.827073638394452
20.6869429312673
18.84133736249297
20.95785031924357
20.31110221432815
20.46378095913492
18.911420509232027
26.683289269713296
20.263131624930597
25.267376522694896
20.087437038589812
20.63470439654497
18.616021976724102
20.814105475529768
19.912987225819567
20.554643204870217
25.900111826982396
20.62975236247512
20.43701676124065
20.549786510764772
18.773385355059844
26.101310458419942
20.404902433710767
20.564603504372155
18.735402847431907
20.552859101541042
20.419739625498558
26.973237468605614
18.78908135778801
20.499879905176904
20.401403366549804
20.440379218697867
18.851380374105513
26.603925727217863
19.556443805513602
24.724022160336073
22.672694860179234
19.54370403933479
23.232944697512135
22.871133788059673
19.96129029661843
20.003889047527686
21.4422444417202
21.596130291448677
20.60889196183161
22.355732788789297
23.527250981759458
24.075977996395316
24.466841054004085
19.973840508987738
22.31591651534478
20.44572333700055
21.938287923988092
21.94776676639291
20.356506452081934
23.058310643743887
20.282670919780756
23.20947962362607
20.21329635263443
19.91183581307398
24.268505592685003
19.89710037485008
23.203523324617944
19.886045690380513
22.108097085811377
21.86316871488841
22.2463826595346
22.677005083221083
19.987518749835374
19.87048966206252
21.86679730489434
21.69363463488572
22.461325334409974
22.913893683772645
19.913551276425025
23.628637202138556
19.89770760520669
19.84549047263307
24.446851763944473
19.834955886825096
24.05659611381365
19.825324658245318
24.087162380669056
20.32896384076394
24.30045850354164
19.815787313995305
24.564532050640324
19.803484267150488
25.176531980676796
19.793424063124757
25.56505460641542
19.783226857956986
26.012849600379553
19.77358573298148
25.681992767287497
19.76692695466271
19.912954312398618
26.255219537304356
19.894567968782688
19.78920551870099
19.914470555600392
19.783398422191496
19.90102007653511
26.773124226699554
19.840275781739578
19.78725833617417
19.78891764281711
27.067647984204545
26.862217145895492
19.78209594740918
27.036063647005776
19.784532330054986
26.75062746786172
19.794386079262388
19.506669567400603
19.796721489773763
27.406324047359817
19.811998520481854
26.81261453719688
19.80608636594471
19.287380051178236
19.81464287547667
27.65825981676716
26.868083281186085
19.11205930940936
24.13247216687521
18.71065489007855
20.481197849456837
21.849619250894847
19.142670992329517
22.657355698882586
20.20340064864164
19.606959188021143
19.554775518419834
20.376250458060362
19.64344883877173
20.065739847030866
19.569667836365458
20.135243025015665
19.588722647376926
20.035326836144318
19.559146408815636
19.99871309049724
19.552711517763292
19.914931411675404
19.53230367953745
19.852573870630668
19.523315328476496
19.771132680015782
19.579256882753096
19.690577957772145
19.670894822410176
19.607400873668244
19.701466389563013
19.549998548181417
19.76850735931478
19.45667937916559
19.645057188315178
19.43284144224934
19.829000037571884
19.314147071994018
19.42676988761947
19.28961563215878
19.48969619983366
19.163960019795258
19.411957921589092
19.144737657376428
19.492757400954428
18.99745849703366
19.415611557066164
18.9782812128122
19.504767136621584
18.884855092836826
19.43201071876702
18.816538124933132
19.501489949355303
18.697799259616165
19.44440244755863
18.671590236179558
19.489457652515817
18.578901664389992
19.51653384584377
18.684493126674884
19.49484150652097
19.05529695360031
19.81789819062225
19.186620806864422
19.643777984113964
19.46691444252247
19.883409790875966
19.44092135725775
19.614690735769706
18.225126889391657
19.721139596636274
18.201673447803046
19.594244627452
18.08920185010003
19.65698052874113
18.071770362611836
19.628297453392403
19.677298155065195
19.634570563483237
20.062395375041007
19.64037694494108
19.75386316817355
19.613052703298024
19.955577824935894
19.64227416371617
19.90401489933048
19.632191954232017
19.89698232853752
19.64999072485599
19.976331121942703
19.642592282791785
19.912796145343616
19.654950600261024
19.997934465217238
19.641435937887596
19.909704936018617
19.658691060680887
19.952878767755777
19.639092121528044
19.88659095400993
19.658262579787188
19.927605044287933
19.64084938211515
19.853234082767358
19.666089725417596
19.871554327659496
19.650342837601528
19.795587017930842
19.67301517029198
19.79331585377974
19.659625378442648
19.75160991433767
19.672941399085467
19.767124625836836
19.657678665987568
19.754836590070017
26.400020650432314
