
3.8742333238373345
3.736448746600925
3.692390686178647
3.721424717523659
3.7204192146677757
3.614990464093154
3.619335113219788
3.666907018654658
3.5796308849460465
3.689571979511247
3.4258963493699213
3.6521782095671558
3.4445085563179147
3.476129481662532
3.475277578169388
3.4081732321243687
3.4569666083951507
3.397675035432505
3.396155388846492
3.3737345954027713
3.413564795541868
3.391796095829205
3.39307878630428
3.438385293745498
3.4091151369193735
3.500217040721234
3.356963405325141
3.414942148845659
3.419863559166762
3.4583162125634708
3.490982256601571
3.545174290631171
3.5457216112198617
3.6429519209937475
3.743133394607698
3.744971846976441
3.8945885223582146
3.8568438909218306
3.9227561967300675
4.010215237716175
4.114581110890963
4.234099503419714
4.364887416116479
4.499473417314336
4.655729482866759
4.779002541536846
4.994794953844531
5.1733745227553865
5.453147947534161
5.667039428880816
6.094426928569826
6.303583389463407
6.683252685227261
7.09947826743459
7.532954724037999
7.938019058944639
8.464804076854577
9.03820095754102
9.636709707930555
10.319007807407763
11.041253174963618
11.870865523351537
12.755795027702941
13.744356814207999
14.831844801325722
16.02406595778097
17.227138492403405
18.601958012055693
20.115955095060915
21.659071293153136
23.17215746101724
25.180123519188815
27.085307028627074
29.269217940341587
31.2366277718443
33.20450580503158
35.218098315599036
36.655378896630204
38.51814563561322
39.47243277047393
41.0989655928147
42.43267872641237
43.543570364823196
43.92838059323826
44.06180818849105
41.71622684983038
39.45476382122882
37.0840352041658
34.02848197043753
30.192569881738354
27.976996084460257
23.855266522368844
22.486103690831428
18.33284997609051
18.19922363839931
18.446923987929285
14.62571846810886
14.847868777440258
15.134024744651438
11.423452685564294
11.814979724224735
10.293106522866589
10.748858860316917
7.600623467486378
8.01373032835387
8.245980790592675
5.319931784306416
5.642565353930225
6.812060904294439
3.486628751246293
4.012924612582864
5.740585393605446
2.217907511824026
3.1621242660441213
3.1597055610023186
3.0574152875200986
0.40856871459722477
0.456995113349314
1.0997732102125273
2.0118371775227333
-0.7384771864488471
-0.6425895667417203
-0.25790877391104505
1.1631482872960097
-1.1903253403917216
-0.5695340788133674
0.27845510271756435
-1.5951864298805196
-1.6109790417538745
-1.2522970159911475
0.0632542729327712
-1.9697240233753126
-1.209838824511242
-1.3523309137201611
-0.35148131713904096
-1.9563432073626537
-1.918512173671722
-1.1431959595485832
-2.084574586213609
-1.787949700992499
-0.9526387765723188
-2.3233305289474515
-2.104584127799386
-1.6295246179634342
-1.6858289730447664
-1.5275757625815665
-1.2773102019365057
-1.1520656785566263
2.659406640927097
-2.075688628330557
-1.8892142003900139
-1.7413334233760454
0.6070038311024248
-1.4293397807430033
-1.242849840653971
-1.0972162672988945
-1.1089152655371572
-2.4046171626114674
-2.292081015899428
-2.193220343445299
-1.8145231731619056
-0.8902415485158013
2.4589742982808556
0.567042867671006
-1.7773255181325602
-1.6220434294877926
-0.9117775996201871
2.7597463811224543
1.125009252904979
-1.2196787381581693
-1.0859657435352865
-0.7062260036180605
-0.5545944010798269
-0.979671285211487
-0.6656286775505347
-0.3799675915331102
-0.2683624232163462
-0.23458279954105876
-0.9914802842676611
-0.8781461918835527
-0.6168905074458406
-0.02619047406329411
-0.4087913609108904
-0.03273218290477686
4.276908589074124
-0.31332952798347247
-0.2558432255802412
-0.14537596867087732
0.3580307306357309
0.06449272978420151
0.008252049992916177
0.23641883267420472
0.6880610352008558
0.631452610864164
0.42192179777775163
0.7949021719076335
0.41475395632398726
0.3355327283942433
0.5290214969442868
0.8437318265992664
0.9973116909383792
0.7776463774058371
0.9151873333680598
1.0606560468157102
1.4304423295433848
1.3389522251570396
1.1398480708366021
1.3391092795238428
1.2299529000415879
1.216252693646533
1.3654324211518212
1.750485675327401
1.9461243660104737
1.530694984143329
1.5314648209106014
1.6419151151105549
1.9779386628866993
1.7780836126622148
1.7942623208727086
1.953844931214602
2.311190220335273
2.0409351173890493
2.1953701332855533
2.0639804640103794
2.12611251314814
2.2610653842356285
2.3194873002183565
2.512584449642776
2.0853240773318213
2.148687499120312
2.46447849768706
2.3444792577346796
2.457793345703144
2.72670248634752
2.440894191814764
2.5313836299992936
2.8043947254343773
2.7435799226666004
2.854286111416895
2.9535523200461578
2.684092374213346
2.7531481022480055
2.8606078852293844
3.0594488039194907
2.8525404564658996
2.968334951577855
3.073882228608749
2.9935914889314437
3.108382821669694
3.149827983566382
3.1163912936795004
3.2398274629877095
3.1711990499861704
3.217125384736895
3.096356874837265
3.153509496106177
3.186295449297809
3.1900804240051066
3.2710964569109557
3.27357781604496
3.644551673005739
3.2205342420000704
3.2710615181962246
3.3479709986327837
3.274814949916493
3.323693356475776
3.345525922376491
3.3035278256532807
3.3796898139092892
3.2812206234863504
3.272936191377176
3.372161469917956
3.3137786383430807
3.3799755928645063
3.3463939689412783
3.3751427636573155
3.289023273923325
3.3075841556151153
3.3703913846566484
3.388379187044949
3.302051337370237
3.337918585602444
3.414675538092934
3.386321801951759
3.329272686665685
3.3999051782932113
3.3205958656085515
3.407447983824855
3.348155721148139
3.348281273518801
3.394450296535344
3.3721741798394618
3.4678084936658706
3.3619965214256164
3.458852386714359
3.3725266697118905
3.4405317114144967
3.3675564129926623
3.442866554434957
3.368598494125734
3.449018317236579
3.36446791787611
3.452370849976635
3.367483866483709
3.455946063404208
3.3969623217412583
3.46399566068402
3.403775581321806
3.4704040549528696
3.4189089875558034
3.482946258981019
3.406986699820513
3.4807762574381305
3.3989986869564706
3.4679266807288087
3.468516915527158
3.4028330017198263
3.4459934297965003
3.4199662763423584
3.463814388637748
3.4112836646208424
3.46179750336082
3.397283533313543
3.4645024249741687
3.4466978157188506
3.3884490383881922
3.4368060170474983
3.402350317059125
3.441148786672385
3.3859382831241183
3.4418760590676465
3.374669695679298
3.448118215172335
3.3755223545575728
3.4394245651748285
3.3595157019841526
3.4378710929358354
3.3427032935805876
3.419858146646364
3.343525634491861
3.413026192038202
3.3317931133074916
3.404141635928129
3.3419400134303685
3.3957612848165732
3.3367189856435346
3.389072685778541
3.3490791125847834
3.387027844451669
3.3249705600648976
3.368161042353203
3.322628983323307
3.367816649095122
3.3196576849145725
3.363290812066697
3.3073670991051944
3.3616961088013713
3.2968285179108725
3.3591584434410007
3.299990156702364
3.339558615546251
3.2849134889340745
3.3277301904989214
3.2852592408501495
3.313867355205267
3.2701125659226653
3.3197610229773544
3.2668382465111714
3.3085349169751623
3.253558560972181
3.3119377572115627
3.2569220603286726
3.2946424310398075
3.2391070113362375
3.293197434255999
3.2307826107026267
3.2925380893521745
3.230415996520309
3.285989286282957
3.227514613790838
3.2775028670619992
3.22046833092091
3.283506146685166
3.2072963826154264
3.274143613379269
3.2162309547976844
3.25627058697039
3.202092264913058
3.250574425554585
3.193427902120603
3.26398769953792
3.188565911200719
3.26263782862676
3.1827399460982964
3.1988268376613607
3.2481647116132963
3.201527884438518
3.212245744428521
3.199197214339968
3.2529969863640287
3.1750817394894115
3.3175961152101765
3.1810519417441117
3.245144155318967
3.1671018631682815
3.234715466560496
3.1660556557774475
3.2204186851043723
3.163793321466414
3.2187143613670592
3.1636782969794934
3.221672302884031
3.1617624911651574
3.232483905330895
3.1562400787931204
3.200628432805387
3.1538766035443033
3.2062573407140786
3.172607735580189
3.1934028215353423
3.1750200177111556
3.1955430726250196
3.1646551707061157
3.20210794146798
3.1736452993209454
3.1957718675477778
3.1710039494263107
3.2014950343378534
3.170561787272994
3.202558548016875
3.150419532335858
3.20098920660666
3.138229504108073
3.1905787510225974
3.144987864792511
3.1879880877714215
3.145140251679671
3.1867715017153366
3.1491759595913567
3.184683945358703
3.1507252648507174
3.1819396199559673
3.1513798238985373
3.181191005082796
3.1580265420940874
3.1846494144456976
3.1378204136874963
3.1748394337792614
3.135581269618877
3.177079398777334
3.1382816158910334
3.1705311298114847
3.1349799193776207
3.170038538181787
3.1399456282058487
3.1708109333891508
3.1366162190051745
3.167887062156632
3.133182714294871
3.160291185311595
3.1384349502985693
3.1580085102341044
3.1422614314312582
3.1623408044556163
3.1285643961513903
3.151452635792245
3.13215891974538
3.153878753507738
3.120328548996492
3.157232236192255
3.126842677673085
3.1556923656732585
3.1179552576527785
3.1476196972580937
3.1185202493004938
3.151597765926382
3.108104033216584
3.1408781313940572
3.112662351676538
3.1401924669121457
3.1130816124359937
3.142534586473665
3.1071183176386254
3.144262675547013
3.1077623243609236
3.142531254991225
3.105720025372424
3.136219182407764
3.101053643034708
3.1386007229511166
3.0948548417831123
3.131605615722374
3.092811112709282
3.131391849444826
3.0882413125843975
3.133637063173792
3.0898617478190173
3.1175054696372326
3.097552903030065
3.1348959056732557
3.0876247012387745
3.1452693832781544
3.0899590387081872
3.121399111828462
3.0893454775713427
3.1358284927014135
3.085915029671061
3.150333195447069
3.0829339349161478
3.131942378498064
3.0883877873113246
3.1404639094592546
3.0850252621638163
3.15064054828656
3.082090580705268
3.162912438318465
3.083612914105496
3.193780262429463
3.096391418572335
3.2153740256754655
3.082125914711065
3.2078756264536974
3.0964986528077043
3.2641314676927715
3.1052308769062202
3.1434151569088447
3.171089761286753
3.089392591346741
3.12916413021508
3.0622181669398154
3.0746782917971895
3.1325305438710496
3.056606628330208
3.0815791845126492
3.1451221348182203
3.208535449174136
3.070557319542461
3.1094647583412414
3.051369925909948
3.083126295323563
3.0554363324372704
3.0952128650608435
3.0489078855783984
3.0807038647841716
3.051772466798881
3.0899808924594736
3.0482539031749245
3.0801271749330947
3.0563244753339256
3.097146936003762
3.05436846658641
3.0791235663148626
3.0488378054342675
3.0918184610724797
3.0423949606403213
3.07906362113442
3.0487759782108146
3.090187960171707
3.0390987798830973
3.0772324553085513
3.040007778915347
3.0848858492984097
3.038630332425243
3.0757380347619234
3.0335326894242556
3.0911378739476447
3.029815675332388
3.0914420172958796
3.026472741151611
3.091966704164057
3.031055820068562
3.0892571742869035
3.032624775877834
3.0933147783658224
3.0330202623050044
3.0869744922043134
3.0289877612371034
3.0967947567578418
3.0328362172549914
3.0927317601509
3.02929139639724
3.0965729446478076
3.027868639696571
3.1027958253121124
3.028016093928701
3.104556728639613
3.025754544516873
3.103024126248349
3.0278648122214773
3.1070105776065318
3.0295849443197373
3.11191753662356
3.0320927643200575
3.114548968051333
3.0255877403896405
3.113455992283128
3.019671927955194
3.113619434375977
3.0188396414824905
3.115297383658581
3.017721380543411
3.113219524793828
3.0115258598828456
3.115742590026645
3.0100649544171505
3.1086608066916592
3.006988572987887
3.1046211494836378
3.0057017680633553
3.0988163638315345
2.99594482962519
3.0982241275235713
3.0066548180147796
3.0496193098549105
2.989713830299018
3.065093093629642
2.9925334209195458
3.04874169767457
2.9827189537368457
3.0594072386448996
2.9856083028013476
3.0601134177904505
2.986971713949669
3.0583319019473545
2.988605641600381
3.054228516743884
2.9858283470910587
3.0525199496250894
2.9826802963014276
3.0524782313307597
2.983205794981107
3.052968238663182
2.984166192808283
3.0505223826718963
2.9795851698051328
3.046460588158925
2.975914644111966
3.041694893801474
2.9750873128478976
3.042735817381613
2.973105741271942
3.0428382417071136
2.980535358620695
3.04556957677881
2.976429794669834
3.0432908857487444
2.9759560489156196
3.0471247228170153
2.9725271836207527
3.0436665483837384
2.9703770430519874
3.046320410301736
2.969957822358423
3.049062176673008
2.9731802372117904
3.049729793393431
2.9724351979222416
3.051463551746199
2.9748837571253435
3.04860594699607
2.970314443341499
3.0429937930192876
2.9697814401959954
3.0379209810101417
2.96263578705598
3.035497035904717
2.9647847325216334
3.0342247336679793
2.961398879674793
3.034764377149676
2.9631518395588454
3.033140258741666
2.958649426088914
3.032492519158334
2.9594789582671788
3.0333841082534003
2.9571657261996136
3.03075920144151
2.9608600017415205
3.028044217457065
2.95808265071667
3.0257237302160815
2.960954157950778
3.0287029357418835
2.9630450594921833
3.0239805807448326
2.965116685495531
3.0301195344433203
2.963013972055258
3.0302394797055037
2.962878539761695
3.0255686924864
2.9612337703052325
3.0275434662685954
2.958611266823433
3.028676057490729
2.9593022460557608
3.0268108618463714
2.9538960029603256
3.0345913597778957
2.9499803212505578
3.030317579848558
2.957104096316165
3.029633567401511
2.9536330841952054
3.0292737916597567
2.952772154171761
3.020147929428054
2.9513901236399325
3.0273232410032618
2.951738681879977
3.0133405070180355
2.943812689707356
3.026877645381074
2.961166400092068
2.9952565671215803
2.9441917471816157
2.9929796002007834
2.942421541614157
2.9837693590106835
2.9422599102165035
2.978835240880771
2.9364446553049857
2.9783246548327535
2.9376591430791574
2.979055674015214
2.932368661027194
2.9795888496635277
2.9341386521649917
2.982220159775309
2.929656076244218
2.9755262788900887
2.9243253007390613
2.976667717133562
2.9241087892760373
2.9742150091203223
2.9254760815609764
2.965655618058581
2.9250852222069965
2.960140048889214
2.9256392778335347
2.9642464699556426
2.92360722234467
2.9634342346915887
2.92421713762606
2.9590336011434566
2.9249129982451505
2.9563692821118464
2.925771581850363
2.960007394734902
2.917896992277603
2.955292083894734
2.9190199049253516
2.956195438782181
2.9224520790158994
2.952685216282673
2.9227309115873235
2.9561495214923346
2.9206094955029283
2.9786216499827534
2.9279719557602237
2.968246404925098
2.922272265651451
2.971195880727504
2.9168856464855053
2.9507661714485094
2.909778942309194
2.9508779745653855
2.911511260008788
2.988638530993595
2.9192711829308533
2.960637657875663
2.918139392772225
2.9585121852617537
2.9084617173911718
2.9427661551601543
2.8980301676806377
2.937115309049496
2.9000297512426765
2.935252676227592
2.9003358092956724
2.935004715561395
2.898559219451081
2.9437131360076476
2.9021594153253076
2.935654372767311
2.9042262687500235
2.935537265560792
2.898047917949449
2.9358064542934206
2.9009764068742263
2.9312078502320293
2.8965893923585817
2.9320259089923995
2.8956967606130783
2.940215448341958
2.8932818155245914
2.9082453190314457
2.94032093106539
2.9562232556275254
2.893582752331618
2.9152735360680357
2.891233114947474
2.9109316815137434
2.8829332272331896
2.9077995358502564
2.8805478929644233
2.9039178256530542
2.8793236545529455
2.9010550907381916
2.88027449246134
2.8997935693063037
2.87713106092945
2.89754637398061
2.8749176824599423
2.8985555281100743
2.8735678023258777
2.8971686123195735
2.873179042164502
2.899830407937351
2.88079827572425
2.8976637256656788
2.8848557616526227
2.902623123711262
2.885547501889905
2.903039100160779
2.8781425732430916
2.8952923053707327
2.875643569797994
2.8968004984871816
2.879042441094445
2.896021690665782
2.880634332152449
2.8996519610342086
2.876087821937672
2.897263555961518
2.8730875115139622
2.893855979210359
2.876137956928302
2.8924580934572623
2.8776769570268304
2.8980467711621984
2.880012649845743
2.89897942944548
2.878887517789316
2.89682797766589
2.8760546040773867
2.898937399540491
2.875604682859296
2.8956033172433098
2.8787698806174498
2.904909045231992
2.8845255013087945
2.9034483131348576
2.8922461680967477
2.902831118501578
2.886654196898378
2.903510624241826
2.878069590607144
2.90168722356976
2.8790578729731853
2.9021608949948376
2.8760470508225704
2.900337225797469
2.8721197914630703
2.8999632311007955
2.8788452659327772
2.9029606190765582
2.875677714542196
2.8969308331496495
2.8770535196485505
2.8999286735802667
2.869197096334643
2.886838735428573
2.8721232349002914
2.891531321129631
2.8598324481221176
2.880744649554745
2.8633625208439786
2.880136249169865
2.858531299931583
2.8795296220220394
2.8539218933952615
2.8767220291812454
2.8589605714189052
2.890178800634083
2.8573952938461407
2.939549810768288
2.8581502633671083
2.868591573777409
2.863420520267521
2.880372755150551
2.843308091380652
2.8644808740304675
2.8355239552373623
2.859975259900789
2.835769430227111
2.858191357726846
2.8316781410398053
2.8559848679067663
2.83125699382233
2.853524951464213
2.825523263320185
2.854907438440655
2.8257067853230375
2.850551618021802
2.821717901082361
2.850107817691566
2.821609716926059
2.8503654034765646
2.8202259536896164
2.847981026397155
2.81702233766568
2.8456116654629913
2.813716810956044
2.8430542384346675
2.8093886129078105
2.8383586381634824
2.8075058633830468
2.8376991194594163
2.810414296067432
2.836462557163871
2.8060854972508404
2.8340051930075676
2.8080104575251954
2.8308275077379346
2.815288526306305
2.8383090877648853
2.810272315465124
2.836478936168305
2.812830643832381
2.836801192537508
2.8113115751120037
2.8342952178267193
2.8101679523021246
2.8331804817372372
2.807942941316358
2.8330828800964953
2.8117603228100947
2.834394501220558
2.8099242357123018
2.837396414715878
2.8111353609876866
2.8349957830228725
2.8100739785462796
2.839120065310655
2.8148660813225472
2.8461827264495305
2.8196127629359595
2.851509478621395
2.8236655008746996
2.854047147041251
2.8233287961119387
2.8560922689514463
2.8289375442803175
2.8584029996661853
2.8268655421279383
2.8602375782930483
2.829037575519175
2.8647041062826606
2.8256330860964827
2.8669008446157753
2.829500070953645
2.86762544360812
2.8254760846915152
2.867278389793961
2.826031015570354
2.8710716893956763
2.824374914676884
2.8687740488318134
2.8241042675466614
2.8690476228965713
2.8226498526261454
2.8682536240309746
2.8249297778549813
2.8688446982793123
2.8260785655903793
2.8729944710646245
2.828506410129749
2.872427164231789
2.8281871652339095
2.8746960139711586
2.83242477931242
2.87285772220154
2.8309361397939905
2.875813181035674
2.8289393973854082
2.8741426011570463
2.829817021103616
2.8724759418746753
2.8323336100749925
2.8706127543234587
2.831749668914455
2.870550639663976
2.832837784771577
2.8709715821366353
2.8327459143788727
2.8720258680114377
2.831942247647411
2.8742474397034457