
0.2542757504428286
0.3112841090936167
0.3185444588800703
0.32606179690926496
0.33350052358862325
0.34138789008189185
0.3488095370906674
0.3560252587571697
0.36317807444094985
0.37026765181206
0.3774765595318337
0.384509631991393
0.3917510383046634
0.39840260373337966
0.4046977624479422
0.41002893759498926
0.41828138044503027
0.42693188118573766
0.43447780802914715
0.4417132975828857
0.44913724232817165
0.45578849627082474
0.4622804665739879
0.46778234685138287
0.4724939595882227
0.4753992123531787
0.4771188591220532
0.4760368581749461
0.47078101591780763
0.4625910750836819
0.45191203293615834
0.4387620414618463
0.4237734071353547
0.40699134681582083
0.3886187631195748
0.36876967656455517
0.34790931421871996
0.32629565131470195
0.30495496212877726
0.28418969417455764
0.2638728513065933
0.24603032113717038
0.23147671705930084
0.21199348938790163
0.19007966311321156
0.166454114355578
0.14129445451796552
0.1154727396280888
0.08842476618330974
0.06053992898350069
0.03352918623083334
0.007368193129837053
-0.01850284031302296
-0.044086628225992186
-0.06675215833757142
-0.08843173794971437
-0.10398470141847538
-0.1176097134240961
-0.12574358473100555
-0.12610781373281865
-0.11689980131363975
-0.09430229093558862
-0.06794119879644422
-0.04027526176745044
-0.012409862240784886
0.014357148193637315
0.036483572996778735
0.040658772190231396
0.03224480365084759
0.02023743649911003
0.007213148314164863
-0.004236910054378873
-0.011345706458713911
-0.012000703695255854
-0.007349509496639595
-0.0025128131311491497
0.0006177254767796292
0.001689390000200186
0.0015494826800102057
0.001014466134612757
0.00029587633905214794
-0.0001317143561252454
-0.0004972389904178698
-0.00016424868612663346
-0.00013407402719867179
-5.8627649919706926e-05
3.478088488595432e-05
-0.00023794486792350078
-0.00022296907159269352
-0.00018081570429817617
-0.00035907006105739825
-0.0002019909611974402
9.920980966904303e-05
-0.00021558654449393977
-0.00022614045299484964
-0.00011922680233467098
7.779643520589019e-05
-7.953903293089759e-05
-2.101540391619139e-05
-0.0002575963898718836
-0.0003651286828896261
-0.00044055014002974957
0.00023491952358223323
-0.0002838096611168517
-8.228731631620967e-05
-8.786353236600597e-05
-2.032403332430377e-05
-0.0002760510519617121
-0.00011445230994922007
0.0002514752164177736
-0.000420457161852017
8.271500128387288e-06
0.0002592200007867085
-0.00022708243019797791
0.00029015326910553085
-0.0005903499342301277
0.0007559650683530705
-0.0011570955159028173
0.0013687013863010744
-0.00175167422490774
0.0023613675480924634
-0.0029509257893991503
0.005687704182563369
-0.005948659582712512
0.010010540906215892
-0.009529888151346144
0.009124913278372837
-0.008441474116812397
0.010860494730647208
-0.009363200532478633
0.009614746589279966
-0.010348306996865508
0.00846539820730352
-0.008913492159537295
0.010373020064105454
-0.009661703632540819
0.008944388441639806
-0.010659054931891898
0.011385379741804202
-0.00970081546195889
0.008400210671661634
-0.011368960651966464
0.009897966110841372
-0.009400431412369903
0.009664336647645433
-0.00956206687533201
0.009678029783131148
-0.009021301361046286
0.009190534294718278
-0.00994460145348186
0.011968957814289194
-0.004705515839596108
-0.006612887445851534
0.008305437928459725
-0.012801904088147964
0.010303218056019414
-0.008482208636852118
0.01200417333268633
-0.00863327030220451
0.009425356620885061
-0.010645100517608475
0.00967867243165954
-0.009606780723083075
0.011968242795889816
-0.009041068643880656
0.0076538016908700435
-0.010001484329174914
0.010120731839236896
-0.00984974966717278
0.008170063571748765
-0.009863037626877569
0.010245557336208577
-0.006854977214955982
0.008109332629257393
-0.008364068484953302
0.011834430419375597
-0.00867567899968913
0.005304876398878777
-0.011879299627117756
0.009809785318209308
-0.009101660774761156
0.011403611291593618
-0.008278445193515838
0.011132781007378467
-0.010279500288237875
0.007808246910771421
-0.010756742739311376
0.00931559153159145
-0.009343267545772083
0.012471541154972732
-0.007444964456613246
0.0028054275716271615
-0.011096873925168227
0.011268201536769773
-0.007806136771867367
0.012163679037680009
-0.009327375596660303
0.006589073862825812
-0.011495593843895868
0.008964159617973255
-0.009892113549383685
0.012567175023330046
-0.0065029441711170755
0.007251124283941479
-0.01193621210185336
0.009548971428963826
-0.00868227278458611
0.011869719054185213
-0.00751605264251598
0.007509669257151685
-0.010879215089595329
0.009161493419069133
-0.008467350445991562
0.012716489904631256
-0.007304538299299335
-0.0008827494306196115
-0.008225625353870392
0.012668228131007986
-0.006597524410276945
0.005097396918901209
-0.012565069258317685
0.010189938776159924
-0.007012872288117089
0.010615522852947423
-0.008609100140077208
0.01174042572742251
-0.007224933442190329
0.003269811471900308
-0.011286652333914127
0.010956704897875147
-0.007337124598087996
0.009997536060739387
-0.008550244867236323
0.011505217508041232
-0.00784329161944286
0.001073738138953395
-0.010977185905761244
0.012638843285928347
-0.00649893574168936
0.007964646895261662
-0.008847877062994947
0.012200627868023117
-0.009195165651060488
0.005741343618317352
-0.010410559875762004
0.010015743181346792
-0.008420763299638478
0.009759475420398012
-0.00805543482920168
0.007511180921373484
-0.011956139584091474
0.010238078375309323
-0.008489462513173285
0.010238046944506918
-0.008454363158851175
0.009842392365034591
-0.008671805506253127
0.006270351902961435
-0.009420370731828998
0.009747312444125855
-0.008828360700791738
0.007903469244868067
-0.01034127615417857
0.009685904833890646
-0.008390274333179626
0.01081486563261369
-0.008173223073719704
0.005775306210543896
-0.012006392821358736
0.00998640168416376
-0.007954421567613945
0.01334367391765956
-0.006395402929803007
-0.0012248616800960566
-0.010324434200892352
0.008272045568257447
-0.008339457963662422
0.01104064648706582
-0.007228332739776189
0.01215412593711851
-0.007159555913445637
0.01009587477614371
-0.00885179999113217
0.006942774519585804
-0.013222701430430694
0.008547552909593081
-0.008622114948018567
0.012865834872046511
-0.00718012036938509
0.007925737215617401
-0.012585377723651536
0.008867343888042889
-0.008153949054093834
0.013867415492095247
-0.006600260074419051
-0.0013284293334345776
-0.007074088167149828
0.012360069525169104
-0.006880509668888646
0.008234678660444139