
0.0010866910532278528
0.0008659706767058187
0.0008441649310352052
0.000823166973626882
0.0008036518977564115
0.0007846573357354515
0.0007674236276169187
0.0007522436136376877
0.0007377433700844339
0.0007244397630560976
0.0007117099197637262
0.0007002602457454353
0.0006891884187225398
0.0006798736761112583
0.0006718780553274698
0.0006660935845566193
0.0006580757445445365
0.0006502279091518245
0.0006435842711750037
0.0006374886495618746
0.000631541160511635
0.0006263729776449669
0.0006214247657355234
0.0006172976313116594
0.0006136923641330374
0.0006110753194001682
0.0006081026955550076
0.0006061025820709605
0.0006052483936860499
0.0006056516685845876
0.0006070782590167006
0.0006093965467028989
0.0006123531624956627
0.0006159386523151039
0.0006200994121458542
0.0006247851152514762
0.0006298057621520688
0.0006351978212682339
0.0006406978862565784
0.0006461397664054507
0.0006515657579530008
0.0006563934873634439
0.0006603425712380292
0.0006659584861265123
0.0006727356994946536
0.0006804508663542122
0.000689065528465178
0.0006983333623793582
0.000708476760852304
0.0007196340602129166
0.0007310508963506598
0.0007428592113737137
0.0007559288502666653
0.000768813458166129
0.0007808994365698487
0.0007928282648484978
0.0008007596353579512
0.0008062485486812884
0.0008077378880334149
0.000804000871752743
0.0007938081125651574
0.0007760489459389321
0.0007586588399055672
0.0007423744429789569
0.0007275148316897477
0.000714018021688536
0.0007030733066688082
0.000700144357260436
0.0007028318413616754
0.000707393779009383
0.0007125493770791734
0.0007171822312240143
0.0007197954395916189
0.0007193645067805638
0.0007164641616605902
0.0007135942258306955
0.000711536550815367
0.0007105616913079642
0.0007101872031707651
0.0007100284471861449
0.0007100060998295443
0.0007098533779941944
0.0007097020785826561
0.0007092240949639253
0.0007089057187800403
0.0007085417073194541
0.000708232765335068
0.0007080929596872157
0.0007078091786983557
0.0007075399099602209
0.0007073640958953531
0.000707064313859884
0.0007066818718802774
0.0007066186749477951
0.0007063781241627887
0.0007061127602661971
0.0007057986826491246
0.000705672438985603
0.0007054692987603756
0.0007053797897287419
0.0007052506131663128
0.000705094081518859
0.0007046365788620276
0.0007046968692782639
0.0007044354810279613
0.0007042801402388583
0.0007040968477146678
0.0007040550951673927
0.0007038540493650429
0.0007035373296336661
0.0007036864273236644
0.0007033738284594734
0.0007031364520032461
0.0007032221351233393
0.0007028869889846143
0.0007031567965827815
0.0007024695065881681
0.0007032059631913693
0.0007020241341443643
0.0007032790498198839
0.0007013973035970999
0.0007036042937779856
0.0006998055815200002
0.0007047055723675404
0.0006978196962461321
0.0007060639424315748
0.0006980653130125015
0.000705455868799721
0.000697183662683911
0.0007057572872815297
0.0006976006502930674
0.0007060865970525956
0.0006979884311014738
0.000705377276367484
0.0006971334336324868
0.0007056274277987199
0.0006976707437450131
0.0007059762125705449
0.0006965847608023646
0.0007055082307325338
0.0006977956499213489
0.0007061686604343704
0.0006971284614366435
0.0007052686246670062
0.0006971730119009251
0.0007052996778105716
0.0006971243371782847
0.0007050299849803808
0.0006972898589321468
0.0007053960987057728
0.0006961349001205687
0.0007030814894538852
0.0007039044155622534
0.0006975692968718848
0.0007065435608706407
0.0006967201911726483
0.000704647019391901
0.000695988253242464
0.0007047040338756154
0.0006970442665221445
0.0007055555290522058
0.0006969296030339699
0.0007050874492690126
0.0006959645752728739
0.0007048323362109409
0.0006977456174524592
0.0007052350315755572
0.0006966997270254856
0.0007051542080096344
0.0006974977849485064
0.0007051440482773298
0.0006966238754649751
0.0007038258822021727
0.0006975119094416538
0.0007044654498236444
0.0006959601988472061
0.0007045962560138544
0.0006986593113232184
0.0007059639136551245
0.0006967632781487368
0.0007047378689734561
0.0006960961355291786
0.000704370805837704
0.0006962117870792958
0.000705238135265772
0.0006975746091161812
0.0007054295805693396
0.0006969418801674068
0.000704805343973973
0.0006956446365674818
0.0007039631598836188
0.0006996250058876252
0.0007055522604139737
0.0006961165652585951
0.0007041006039689384
0.00069575515402006
0.0007047668142222089
0.0006980343408198072
0.0007057047499757023
0.0006970597832949749
0.000705002722038861
0.0006955556530685255
0.0007035382270690945
0.0006977666089093485
0.0007058988142866607
0.0006967907680448318
0.0007044664314012831
0.0006958277474217573
0.0007039681400541287
0.0006976730786338364
0.0007054332132332483
0.000696929215466599
0.0007043865710006739
0.0006954753721613947
0.0007038856741107089
0.0007011534152635365
0.0007042781367054391
0.0006954895824587728
0.0007035598801669569
0.0006986301397117408
0.0007061741966745389
0.0006965002329937495
0.0007037461941201891
0.0006963395319304892
0.0007044348833833726
0.0006958781913626552
0.0007038423914010176
0.00069944744338652
0.0007055958426243198
0.0006961890087797172
0.0007038660921616659
0.0006965910633758872
0.0007044025438729078
0.0006959695531619764
0.000704098353806343
0.0007003030795109207
0.0007054630746231719
0.0006954749859516891
0.0007035042126153186
0.0006974310330881903
0.0007045335915331514
0.0006956723955475148
0.000704677247320218
0.0006983264945830124
0.0007052056283402915
0.0006965512091378276
0.000704331535751174
0.0006966561688018745
0.0007041750665199906
0.0006975950401877262
0.0007058761495610408
0.0006964484785730716
0.0007043512730443575
0.0006964395264417897
0.0007043297800343956
0.0006966290399570043
0.0007044180482441003
0.0006981012434050796
0.0007047410613989921
0.000696636047778815
0.0007044728010119771
0.0006974081714234297
0.0007051291253946586
0.0006966726070166682
0.0007042834537022992
0.000696207202556856
0.0007041905462004455
0.0006982972177992243
0.0007058564643004734
0.0006965307133181283
0.0007040898582235207
0.0006951517875609898
0.0007034143698083379
0.0007012394534578904
0.0007051890925981661
0.0006972264867583574
0.0007042489183871486
0.0006960780629807865
0.000703771087302989
0.0006956248156753906
0.0007037324632853697
0.0006965177301911528
0.0007044758076140268
0.0006978045204854607
0.0007063893476219972
0.0006971280591396464
0.0007043750311367342
0.0006953484768473109
0.0007037529837992272
0.0006974152369753261
0.0007061006114589538
0.0006969967329067044
0.0007041693138370919
0.0006949528841493051
0.0007035017334217713
0.0007013354776192044
0.0007037007027368231
0.0006955682643259255
0.0007036174817035546
0.0006972737901593483