
16.632650488340598
13.682454690056705
13.659532091261658
13.639142230459944
13.618242438311006
13.593250454287341
13.570795553918872
13.549331269124425
13.523374883517782
13.497138356267206
13.4652075863135
13.435119391362221
13.399153594817465
13.364754839747965
13.325316507526415
13.283832362140332
13.211008713356172
13.13701550996241
13.073229774815577
13.01276245018668
12.954317392283768
12.901287363061362
12.850980003209274
12.802536384423869
12.757175248272649
12.715287171746594
12.660720807282111
12.623634877667921
12.597662269602038
12.598197942350238
12.614783473439939
12.642642263662003
12.678566806096807
12.722883031227113
12.775543608146544
12.834334937643431
12.896236800943006
12.96390534902495
13.031343728994774
13.098492287921337
13.166842342583093
13.22654681707569
13.276032085894096
13.34538935794677
13.432149274433902
13.528537006770073
13.642455882239474
13.771954129747929
13.922260562463117
14.102700347547852
14.313654595278908
14.584054246904948
15.102086980724039
15.32252368386295
15.708656688133084
16.1520712095985
16.369395839117463
16.47007544371242
16.519738073883385
16.510968014944464
16.43167651025519
16.255170915165117
16.05809820434259
15.854723478194265
15.665845492569213
15.482846131935709
15.32572078407029
15.276550464582742
15.300802357570594
15.352730262601321
15.412250933985202
15.464259081822723
15.493492693298826
15.482909861995882
15.444510129113707
15.40468184518869
15.371417350268244
15.354137801556433
15.343497998546326
15.339460829859489
15.336837563618172
15.331116089799433
15.326583141773765
15.317583074152168
15.31047114458057
15.301926564402768
15.296473794975915
15.287131257545571
15.279440336809428
15.270491511498763
15.262743004761095
15.252992249997533
15.243422057636344
15.241292203700903
15.235619742795256
15.224809227587057
15.221023945307891
15.213894961492342
15.209120094952052
15.204975811443177
15.19761677129989
15.196456701267989
15.184396971427102
15.184638815345723
15.175005078565865
15.17037663747982
15.16283090941626
15.16375228483681
15.153151713429597
15.151688814315518
15.14471181581586
15.141084103491277
15.134132419339933
15.13241188054486
15.128341542426082
15.129381729202347
15.116363604754966
15.118884387452896
15.097933005881607
15.10922368766063
15.080066084427104
15.098177425170181
15.057759742070493
15.104393404231587
15.02216003491925
15.111027081134257
15.016248210778132
15.096373406467361
15.0048676443054
15.098651523582186
15.004108192746314
15.095188787040868
15.011186718160998
15.094811261485304
14.99532810184042
15.093052329474526
15.0037422723733
15.092326186794176
14.986981235390306
15.079494387283425
15.002147367078388
15.090177681649559
14.991703197961673
15.079159680674557
14.990443899785861
15.078015786071585
14.98894104220428
15.06883503817313
14.9922943087061
15.076403205344622
14.974969781690914
15.046854526712035
15.060724475215086
14.991704196439455
15.08127916359315
14.981104907086928
15.053694214694467
14.971467371233926
15.059127107245073
14.981565639739486
15.067783480680742
14.974415213998848
15.058465659284323
14.971867918715532
15.059863006094469
14.982252627670388
15.058126049028777
14.979226174055174
15.06131708489075
14.97981847167839
15.057367652358892
14.973392428947738
15.043413982189243
14.986968880675006
15.055176505104274
14.967313590761846
15.053837483060647
14.999636048680875
15.074098197992592
14.979985186829483
15.05994637380194
14.971747871624805
15.054271433640716
14.97090824981954
15.063318673540703
14.98772775010209
15.065859597093953
14.981902493809901
15.065145068195191
14.967745962722102
15.052125348023935
15.010940460694856
15.071331643823505
14.96996969878649
15.04971124905824
14.962421934715572
15.054058725266644
14.988810663316508
15.069034101467123
14.973234105477001
15.05758148120339
14.959126509354425
15.03631224386376
14.978476286618196
15.061408885305116
14.969168358143998
15.042146531421329
14.961213693203485
15.040550273509867
14.987650556697842
15.061797707048648
14.975069113676136
15.04941944863503
14.966593883685482
15.049014024274243
15.023918622323448
15.05261996206266
14.970436424225175
15.048552542231526
15.00605338718468
15.072720425954833
14.980811016604022
15.052220633190306
14.97927943806746
15.05846054790664
14.962655699139539
15.048265615967509
15.025571627433367
15.079158889394085
14.983433572667261
15.058616392172363
14.980689987408805
15.056380268926711
14.972091884572517
15.051354849737471
15.015115261948434
15.073378106852328
14.971319224033824
15.051427049194196
14.98593426531447
15.052141081022048
14.973831486746509
15.063180126055055
15.001810396689423
15.069520906905367
14.980963316046493
15.060382357054353
14.977511574477875
15.051834197506157
14.991904841578142
15.074325810884515
14.98131088404873
15.060006638655034
14.978972779086593
15.05935812014009
14.981693707287338
15.056205643024404
14.988737982306258
15.059137728417353
14.982876593471573
15.057721924493213
14.98292381853884
15.062153796443106
14.97997247745958
15.056018887388596
14.975475334690728
15.057002620818553
14.99704153622526
15.073253174305911
14.980350633206543
15.05777337455399
14.968006672748452
15.050868755782277
15.023520168867845
15.07431887502105
14.980041647505299
15.050249568606542
14.970987715234102
15.04958223580125
14.969455459385184
15.049540478966236
14.991657341136026
15.06618974804033
14.99373886018953
15.084454399750507
14.990688261352823
15.064350571470317
14.979431242198567
15.061061929867838
14.987298486245862
15.075342935034545
14.988750936476555
15.063071341359251
14.977271067277467
15.062011405737763
15.029813066949975
15.05620189961772
14.975449953317678
15.052112797136681
14.98200369187157