
0.0010875293180821791
0.0008672411114288422
0.0008457698642096946
0.0008251611057229964
0.0008060959604148551
0.0007876251941047149
0.0007709915985539018
0.0007564994712677519
0.000742787824025656
0.0007303867932148544
0.0007186920486169898
0.0007084221493434419
0.0006987024764370715
0.000690913878678442
0.00068464242896924
0.000680778155552235
0.0006750550120035614
0.0006698487000283726
0.0006661647451104664
0.000663417276347396
0.0006612854767543703
0.0006603901597451022
0.0006602641768676028
0.0006614903707447184
0.0006638240392097789
0.0006676442851588841
0.0006716752272596583
0.0006769967694722455
0.0006834258846365376
0.000691062301681532
0.0006995634932921392
0.0007085988675544638
0.0007178451873806254
0.0007270999049081789
0.0007361461453739613
0.0007447440747499664
0.0007526398872511474
0.0007597757780379847
0.0007661511467219768
0.0007716825171948369
0.0007763342605038365
0.0007805515243761309
0.0007847427347059968
0.0007869814229430563
0.0007875883930932812
0.0007864405617345211
0.000783393785445589
0.0007786895438664579
0.000772192170733134
0.0007644539688450643
0.0007563321443792502
0.0007484622346153629
0.0007418994593437306
0.0007359373757488103
0.0007327329453017921
0.0007322965265589513
0.0007348246730058242
0.0007391791658363157
0.000745710184250938
0.0007528286676947655
0.0007572092402307073
0.0007548549787026702
0.0007484472703016563
0.0007385110743454625
0.0007266810444132524
0.0007150111129959361
0.0007068787200598729
0.0007067271686096806
0.0007099675898061872
0.0007128189799459127
0.0007146748973874858
0.0007159224973296295
0.0007166308778250594
0.0007163521650476851
0.0007147893337377291
0.0007130512226034766
0.0007116686380725467
0.0007109275900112455
0.0007105287989605456
0.0007102552035433381
0.000710072698397783
0.0007098237046682089
0.0007095904317229619
0.0007091873454913548
0.0007088757684841832
0.0007085286242127995
0.0007082405259036764
0.0007080399254528879
0.0007077596051860143
0.0007074997958322675
0.0007072846676087557
0.0007070197678115442
0.000706703738912618
0.0007065711870779756
0.00070632843096215
0.0007060866100121153
0.0007058157420446884
0.000705654997634566
0.0007054646930202393
0.000705323420643787
0.0007051709848943378
0.0007049984294166409
0.0007046875267674338
0.0007046353349661445
0.0007044176758794586
0.0007042611463919482
0.000704092456807243
0.0007039955534949063
0.0007038294164808524
0.0007035914943263082
0.0007035959509133734
0.000703375604293325
0.0007031921876304572
0.0007031733007625674
0.0007029494086838721
0.0007030300084282354
0.0007026320132004875
0.0007029577820937701
0.0007023180480065962
0.0007029036985819225
0.0007019050217819901
0.0007029718941875512
0.0007010430949648654
0.0007034131366631168
0.0007000432427077272
0.0007039416832997139
0.0007000929688855393
0.0007035731841975339
0.0006996372611422036
0.0007036251983553486
0.0006997929097066349
0.0007037361526893893
0.0006998921505116367
0.0007033775629305562
0.0006994786851516608
0.0007034347836038662
0.0006996929296796656
0.0007035882150181743
0.0006991453654264452
0.000703306955022124
0.000699688736941488
0.0007036468763239604
0.0006993065552069717
0.0007031944249073936
0.0006993084909710041
0.0007031856277974376
0.0006992653666619386
0.0007030271586737047
0.0006993321159967536
0.0007031952420561179
0.0006988127338346605
0.0007019878611172613
0.0007024569579222432
0.0006994040312065133
0.00070378433289789
0.0006989100963905481
0.0007028256979732109
0.0006986163583708801
0.0007027791416112249
0.0006991546883563197
0.0007031875167591793
0.000699071451270713
0.0007029606847708161
0.0006986479084381398
0.0007027736530849824
0.0006994757226583076
0.0007030023117870124
0.0006989605101576672
0.0007029507666619549
0.0006993090672572175
0.0007029773981785355
0.0006988792399248636
0.0007022891060514464
0.0006993420513556679
0.0007025803651552737
0.0006986765237731077
0.0007025721922958968
0.0006998755806226256
0.0007033336596207955
0.0006989110429211448
0.0007027374374000661
0.0006986338864393694
0.0007024976007707477
0.0006987688420818877
0.0007028665827342795
0.0006993529600412557
0.0007030176139895692
0.0006990146516520392
0.0007027267235265285
0.0006984658489052024
0.0007022342853142747
0.0007002609252404087
0.0007031468658741414
0.0006985614050701058
0.0007023746161371256
0.0006985079823854571
0.0007026242610899799
0.000699526321869432
0.0007031691962040923
0.0006990098593678994
0.0007028617504207793
0.0006983157802038704
0.000702062846097031
0.0006994182212774165
0.0007032469122258214
0.0006988850406278629
0.0007025532473427595
0.0006984885278925206
0.0007022441854141318
0.0006993955118157957
0.0007029817542483785
0.0006989748015235799
0.000702488947886185
0.0006983898637156063
0.0007021642919929173
0.0007009540265611596
0.0007025097553977239
0.0006982803298755835
0.0007020586016820537
0.0006997809207560341
0.0007034496890217537
0.0006986808055865007
0.0007022188571502433
0.0006986972080049061
0.0007025021794873818
0.0006985578094064895
0.0007021543847382314
0.0007001959307951724
0.0007031203944421913
0.0006985877696957613
0.0007022280230957717
0.0006988548837248153
0.000702451652569631
0.000698635314291133
0.0007022467285241723
0.0007005478761370817
0.000703090388273021
0.0006982319392719016
0.0007020388789636865
0.0006992407995120562
0.0007025324747154471
0.0006984806988617302
0.000702527697017474
0.0006996449424219932
0.0007028730433329803
0.0006987906047284634
0.0007024327027719178
0.0006988724913088947
0.000702329313448941
0.0006993112009082491
0.0007032079288573415
0.0006987122577440272
0.0007024563916116195
0.0006987460985503673
0.0007024070352698029
0.0006988837897869285
0.0007024193285476184
0.0006995284645117433
0.0007026323233279603
0.0006988217807705298
0.0007024834354472899
0.0006991803857229571
0.0007028404111737024
0.0006988086874426866
0.0007024201104865425
0.0006986403527333676
0.0007023259089956951
0.0006995982403838308
0.0007032411735637068
0.0006986818861045474
0.0007023570735269025
0.0006981445250687797
0.0007019268810858399
0.0007009657237126235
0.0007030243445160004
0.0006989406112912229
0.0007025214967496146
0.000698400653955278
0.0007022175418518638
0.0006983086002266947
0.0007021087975109674
0.0006988427398609545
0.0007024241358506931
0.0006993978745371633
0.0007034540230924344
0.0006989777728575295
0.0007025099504778675
0.0006981967982131133
0.000702114602300065
0.0006992308197306362
0.0007032877256985937
0.000698939211704108
0.0007023761576949639
0.0006980972145088369
0.0007019478385397701
0.0007010353169309692
0.000702173354842759
0.0006983149947364267
0.0007020433843594677
0.0006991710190628918