0.2572324592012496
0.3157582461213442
0.3226728438426991
0.3300900170178329
0.3372275555274331
0.34471761811953683
0.3520988021479743
0.35945849213976144
0.3669652045558578
0.3743067348039826
0.38177305468594347
0.38889764584503395
0.39597960262859244
0.4027519990784485
0.4086749128191831
0.41716745782722287
0.42510499774646426
0.4333591101592731
0.441114543262894
0.4490675666180879
0.45629534316730047
0.46324439709991183
0.46941486488449824
0.4747113401975007
0.47864172092230417
0.48165441399240194
0.4829978793843499
0.48119842801720814
0.4755045904347579
0.4668626954707864
0.4557518956570765
0.44223975907456015
0.4271296175352888
0.41053363422107014
0.39237349992541715
0.3738083058510082
0.354251438213504
0.3340974256545166
0.3140789819091945
0.294515741548911
0.27555947249331414
0.2580770614077097
0.24202073585920814
0.2265235916886279
0.20421324380218708
0.1805445584152341
0.155361913069463
0.12962100741752258
0.10284003929070074
0.07636276820950383
0.05081675011763753
0.025307310411344375
-0.0012076387095323327
-0.027335857916379158
-0.04690317129868027
-0.0708238883536918
-0.08793452165812288
-0.10561191536049708
-0.12340259607007642
-0.13916232109764448
-0.15145404558855824
-0.1608698996560387
-0.1677425355057125
-0.17496264008584772
-0.179245112029212
-0.18017506285173113
-0.1771321683027549
-0.1702646690544587
-0.15879976299543652
-0.1430803047330298
-0.12394557690541319
-0.1017055083282723
-0.07978352530614008
-0.05745379138370743
-0.033972553739385125
-0.012510985467144353
0.005194649839276977
0.018914584811192015
0.02913136112292869
0.03643867952286506
0.04107259197404978
0.04263327226948044
0.04107661562432119
0.03735182546892646
0.03239036288560615
0.026003440986875237
0.01987687053184284
0.013276601909581576
0.007418949299686117
0.0019159313397474342
-0.0029809815180092958
-0.006710575340198366
-0.009810671144679928
-0.011567188425012587
-0.012509058299726261
-0.012582174872476148
-0.011911302321679695
-0.01057530104989679
-0.008965295701889087
-0.007089642006045782
-0.0052958147489929885
-0.0035900993507695933
-0.0021591551542896603
-0.0009201457768701626
9.615445397748168e-05
0.0007333892255358965
0.0011145298108190538
0.0011929461635684646
0.0011055259261913974
0.0008516601838302051
0.0004984158553329454
9.808607628292165e-05
-0.0002784712619545715
-0.0005446600255283318
-0.000760816058967384
-0.0009196136907609898
-0.0010110289554454699
-0.0010552606092579797
-0.0009886794397193643
-0.0009232119334039446
-0.000892109876786451
-0.0008857071467933686
-0.0007826337170349085
-0.0007294135819346792
-0.0006426053349199989
-0.0004919413793953442
-0.00042091060169768824
-0.0003421834502517207
-0.00017283153120062344
-0.00019300045212178318
-0.0003552543584715018
-0.0002436175237638949
-0.0002205325323731966
-8.531537563838398e-05
-0.00038075760636235856
-3.843741421105662e-05
-0.0003066110994680571
-5.409947645862445e-06
-0.00023300643263990395
9.800933368886433e-06
-0.00018058909233187315
6.0290016677067015e-05
-0.00028177470987622577
-1.4266145568431199e-05
-0.00028482781835026394
-6.741869310267212e-05
-0.00027521818031983614
-7.302898577354888e-05
-0.0002706853929963504
-4.806954282665643e-05
-0.00023888452525744341
2.56973940557792e-05
-0.00016352278992903813
0.00013132476625354883
-0.00019925721403990515
0.0001593111783826373
-0.0002333534164240536
0.000146354428296247
-0.00025586244262276736
0.00018786764646128162
-0.0002305666446487109
0.00022987988456102393
-0.0001763914478589701
0.0002735467305083894
-0.00015191425088434407
0.00027959776063912756
-0.00014865866679625306
0.0002642225266982212
-0.000147363721455962
0.00022664416591111625
-0.00016048031557036602
0.0002266204805938532
-0.00020832938023596093
0.00022210415449497312
-0.0001939056540700701
0.00028248404017605644
-0.00030326222807697256
0.00023814662938814735
-0.00022807728450158216
0.0003019722660417834
-0.0003073759170622026
0.00025593256355072036
-0.0002075684570705949
0.00027828653547956606
-0.0002848774619617078
0.00022557318364113677
-0.00015360006398545956
0.00032374623992703633
-0.00032978337726818907
0.00026464279816185154
-0.0002938318889891267
0.0003167373228645243
-0.00013880482396833038
0.000351260252861918
-5.134260181383077e-05
0.000361303367811594
-2.0670552336676806e-05
0.0003097056124694575
-4.5704681783664824e-05
0.00016618206978225025
-0.0002461262663520092
0.00018590783332705918
-0.00017275192843024811
0.00017147761589875188
-0.00014901617773488418
0.00020756970796798058
-0.00010309914502415474
0.00022684670536055052
-6.346509518917465e-05
-0.00032979740657657075
7.601759711928224e-06
-0.0005479196174515977
0.00028642921598076576
-0.00015642449555564042
0.0002574549371736623
-9.846002986102498e-05
0.000310037025869736
-4.58956461715232e-05
0.00031606010394957806
-2.3019601020690672e-05
-0.00010655838553064179
-0.00018530276124151257
4.444775189860195e-05
-6.522982376466757e-08
-4.9205776241123544e-05
3.9649281822429217e-05
-1.2358017381641773e-05
3.744246566572684e-05
7.487178018639185e-05
4.2858434254222644e-05
-0.00021468040460126403
0.00016005948318209562
-0.00016714913073379023
0.00013534073567966765
-2.247525840703979e-05
7.813554574997994e-05
-6.288524062703083e-05
0.00023739204333295127
-0.00046085481706348297
0.0002432964088392442
-0.00016634808642312926
0.00024537736876717453
1.5922148712821382e-06
0.0001464850811119245
8.435648901672366e-05
-1.3506163625942591e-05
0.00012084079800200875
-3.1886387185098286e-05
0.0001955298012437101
-4.607281580137901e-05
0.00021561887097165666
-5.249217368996639e-05
0.00019927574310085738
-6.329534216731325e-05
3.959320132418398e-05
5.2332383856379394e-05
-0.0005425547188733226
2.9573302465779605e-05
-0.0002535411894419859
0.00024268373379299213
-0.0001339603846257642
0.0002808267632952166
-6.846185982167796e-05
0.00027600868471777673
-0.0001019618400803779
0.00044302373637949977
-0.00011979584609989047
0.0003686886856826277
-0.0003110672832631334
0.0001715420249199795
-0.0002307294041548058
0.0003172268887976504
-0.000122194252112795
0.00011022695642637359
-0.0002617055039320082
6.143326260499293e-05
-0.0003586778903417187
0.00013149466410977695
-0.000212199313516237
0.00021782965349337324
-0.00016192856691432667
0.00027030201139477406
-7.314201818142685e-05
0.0002289145450524721
-6.760263332017402e-05
0.00025162911544440725
-4.3485065400306055e-05
-0.0003308707390734522
-0.00014890486241703194
-5.394921050938528e-05
9.39359615483859e-05
-0.00031736483609567934
0.0001348431113534776
-0.0001607820147366823
0.00018469453466352093
-0.00010913395571154894
0.0002211001233725085
-8.719264151624273e-05
0.00022456764250478045
-5.926729900385119e-05
