0.010717581217779673
0.008542214352040015
0.008340973481580001
0.008140688982601606
0.007956868436861697
0.007779507295431857
0.007613851242709973
0.007460376137203784
0.007313181040633432
0.007179845467006452
0.007053194430063507
0.006941281237655098
0.006837452527689016
0.0067483672085790316
0.006678343916754159
0.006595680139742356
0.006522092127522039
0.006449489680930077
0.006384847524987018
0.006321785118269632
0.00626723666493971
0.006215900577774826
0.00617211009517932
0.006134924918219888
0.0061049885589529946
0.006076502487851741
0.006049749336218735
0.006031906560321864
0.0060269422466679426
0.006034045939552695
0.006050679199748189
0.0060753446059721395
0.006106133559709355
0.006142082987181162
0.006183260664826334
0.006227110952799303
0.006274068469436794
0.006324116278290783
0.006374985379552482
0.006425784831813713
0.006475612078137082
0.006523003996958606
0.006566269062687576
0.006610424961769379
0.0066787147036072685
0.006754800171410125
0.006839975382546259
0.006930990583026064
0.007030016182736055
0.007133350069816466
0.0072386973357171005
0.0073513117771763165
0.007477584222266707
0.007609779962359889
0.007708863762755512
0.00785310485007475
0.007944676008356515
0.008037979946511916
0.008130735924480008
0.008211672243565343
0.008272910424444434
0.008315751620767316
0.008341194833709898
0.00835878457970817
0.008354709256360148
0.008325784450985193
0.008270336797606765
0.008190704523986387
0.008084872401008738
0.007958828514483828
0.007819497310127295
0.007673154126074738
0.00753985938538426
0.007412174950215457
0.007286135091899192
0.00717706693254216
0.007090174331733836
0.007024852566204799
0.006976680672079434
0.0069415550040819495
0.006918113025145363
0.006907891857593471
0.006910886678310473
0.0069233057095992095
0.006941380717333902
0.006965682223625259
0.006989298305786796
0.00701499155226659
0.007038040854827229
0.007060130060949586
0.007079646700246373
0.007094188798737396
0.007105639499255451
0.007111376844330031
0.007113223939647992
0.007111240526950538
0.0071059383833907315
0.00709793585341268
0.007088775063153087
0.007078146819827598
0.007068330301660569
0.007058880761153923
0.007050816382310767
0.00704396553026813
0.00703791494940311
0.007033548992801222
0.007030422955385089
0.007028710658457033
0.007027770550485063
0.007027582081786642
0.007027871292683469
0.007028465723175434
0.007028901349508654
0.007029035148553398
0.007029039175903359
0.007028718906600988
0.007028138115280409
0.007027301755834767
0.007026266003208713
0.007025058456873875
0.007023614288474324
0.007022511296666574
0.007021330377462491
0.0070202650527207795
0.007019121385959782
0.007017758385543024
0.007016750794804218
0.007015590705513878
0.007014300450927991
0.007013643127946389
0.007013543979550521
0.0070127717361461814
0.0070120373478939
0.007011185804255285
0.00701201288542288
0.007010447339769339
0.007011410822175027
0.007009987441265079
0.007010769100695868
0.007009596730924949
0.00701018592989252
0.0070090012786383805
0.0070103281951826996
0.00700905035457495
0.007010051602340681
0.007008877099146522
0.0070094912652750715
0.007008435075913594
0.0070091287428099384
0.007008089424268193
0.007008904950239602
0.007007736701070143
0.007008587984571128
0.007007261113673892
0.00700865539673608
0.007006993825448836
0.007008606061287543
0.007006884263359227
0.007008565189108934
0.007006607227841211
0.007008366059793416
0.007006378494301141
0.007008157346103113
0.007006216511195558
0.007008097532020655
0.0070062100393897585
0.007008098803799756
0.0070062756321330605
0.007008104849576187
0.007006415980078097
0.007008100842007853
0.0070063759146739195
0.007008193291211411
0.007006293638387598
0.00700809915527071
0.007005969715169861
0.0070084123499070195
0.007006016052462528
0.007008033784434667
0.0070056209886407775
0.007008117519767044
0.007005626783896947
0.007007651058768118
0.0070054531574106045
0.007007863143871941
0.007005580511819531
0.007007342972239147
0.007005125566146832
0.007007946985974703
0.007005279926249613
0.007007870828119012
0.007005093239348127
0.007006946033478231
0.007005026657777085
0.007006555935392514
0.00700505571348443
0.007006435395067388
0.007005363154443676
0.007006456746355355
0.0070060878072154
0.0070072932065756025
0.007005636303310776
0.007007023174371359
0.007005633598619641
0.007006826797834564
0.007005502211338241
0.007006540799073124
0.007005486986303637
0.007006303648292231
0.007007487172723107
0.007005814922719
0.007008512649122949
0.007004815538738961
0.007006641485852584
0.0070049180316982115
0.007006334215599531
0.00700473707128804
0.007006067459892303
0.007004787762996756
0.00700593641797765
0.007006516282413201
0.0070065569689750995
0.007005798187751825
0.00700582904724522
0.007006393793602952
0.007005756104941516
0.007006138236848719
0.0070057246024628796
0.007005893212897873
0.0070056804238946505
0.0070070231881263975
0.007005180267347903
0.007006730882213717
0.007005350214629095
0.007006250436415767
0.007005527152571342
0.007006575819094993
0.007004831798940772
0.0070080303893491885
0.007004820048412694
0.007006636208332701
0.007004903224040406
0.0070059239139593586
0.007005501102082241
0.007005608038599113
0.007006043884671518
0.00700550649727591
0.007006046394066556
0.007005173844300137
0.007006079905820952
0.007005119856374531
0.007006107431457038
0.007005270366081163
0.007006132367155917
0.007005982779119841
0.007005616058160087
0.007008372479247033
0.007005733702818641
0.007007037343695398
0.007004871006929242
0.007006436040051129
0.0070047967497015
0.007006165298298577
0.007004916475106741
0.007006330597934261
0.007004517761925954
0.00700641158985593
0.007004740022580696
0.007007247523253175
0.0070053340051409235
0.007006897760908245
0.0070048430577990305
0.007006400322453377
0.007005588492922571
0.0070069621800016085
0.007005634816799077
0.007007512637031281
0.007005429446946808
0.007006839884456643
0.007005069568631716
0.007006607541198479
0.0070048872264275724
0.0070062230451051945
0.007005122207222214
0.007006172160801171
0.007005101557386099
0.007006042652877949
0.007007607113493411
0.007006524664957468
0.00700633048066453
0.0070054276886047685
0.007007445733216764
0.0070053913877045765
0.00700665639521436
0.0070052051602954
0.007006426155906687
0.007005090661978946
0.007006315063372715
0.007005124610712991
0.007006177145355666
