
170.7239600512283
136.82843521508914
136.63427423898338
136.40290462122013
136.18313866722033
135.96225524590704
135.7410430374008
135.46292103568715
135.19756972531502
134.90720859812822
134.57363431971066
134.220940272116
133.85385086702493
133.48201260664985
133.04627832759974
132.35261566083122
131.67723600702237
131.005317754193
130.36177760967064
129.7443510252334
129.14120163875086
128.57332274842892
128.0693040941727
127.60513616008744
127.12423189244555
126.66475079406686
126.19720085141456
125.85872015053121
125.70807409300404
125.73913247412307
125.91213701995046
126.22023670831453
126.6019520307958
127.05342029674323
127.57055302772449
128.12575995892828
128.70533102328687
129.33744831683362
129.96855912017853
130.58282692362368
131.1995415513903
131.78180054557154
132.31338067154397
132.85091750483033
133.7100298216063
134.67360902935428
135.75891210935433
136.97570144735425
138.38698914020387
139.98932269433084
141.85050216721856
144.22041066159588
147.5768710749187
151.71115374700307
152.39852574573132
160.32052256191304
162.754791135245
163.92650058307268
165.1128198902063
166.21630178156914
167.12518573706956
167.85498542806747
168.39109720548151
169.04346705342223
169.5050676985362
169.68506814986114
169.54870052749865
169.06229264906997
168.21952321526248
167.0291524459042
165.51596295975625
163.76122772319792
162.0369673028285
160.2914914480336
158.43692847343195
156.76162430201765
155.3870952823808
154.2741032460781
153.37404311399513
152.66042927939674
152.0883006551968
151.7074019564286
151.53446481074056
151.5041214601932
151.58265508546643
151.73900902354183
151.91294113876353
152.12002430858567
152.32070409088905
152.51389278680372
152.69969375447914
152.84116558785155
152.9406359239807
152.97540182171875
152.9649256286714
152.92004985030013
152.84339260130542
152.73311603601692
152.59911470098314
152.42983936433004
152.26990974245533
152.11408065662843
151.95999909026668
151.81934389702775
151.69024786699163
151.5875595994594
151.50338281109737
151.43094405949122
151.35941701650725
151.302046004318
151.25069078853284
151.21106862264116
151.1799921299192
151.1460487764354
151.11279080309328
151.06741546607134
151.01918361311897
150.96587517738593
150.92146955777991
150.87680739109265
150.82916578985754
150.78939243468201
150.74215630521925
150.70019910722206
150.64738419504698
150.58549730018166
150.5404776088481
150.49786895700825
150.47163530947685
150.43423116958667
150.42119629742783
150.38789528574006
150.36732665491385
150.35398064758485
150.34808086590712
150.32123409445109
150.3239231153361
150.31046359166405
150.31478316554126
150.31196399097877
150.31289838245957
150.3023572171364
150.30251407847518
150.29474220429518
150.30086832655172
150.29374808363903
150.2944098802682
150.28708455012764
150.28714609559006
150.27739049216473
150.28106673162137
150.26916820250682
150.2682631314015
150.25802557874906
150.26204472685276
150.2498672949204
150.25408299465133
150.2427548673171
150.24496443134245
150.2307480881881
150.2331976826258
150.2204364107617
150.22662654565562
150.21398399912493
150.22563751136556
150.21283649032364
150.23053868023774
150.21377971329423
150.24192339801493
150.21599867334677
150.25077334704682
150.21773292821786
150.25929668662783
150.22102988806714
150.2694831379117
150.2186368272374
150.27884317182608
150.21445129679597
150.2858389874275
150.2134348784196
150.29127019232848
150.2167158254969
150.29926025872825
150.21893261423347
150.30620820008588
150.22018840161905
150.3108975138872
150.22172419074278
150.31780734575645
150.22626681678818
150.32931518970963
150.22496504549036
150.29696230934914
150.22616935880103
150.29734418133447
150.21408381661837
150.29838512652233
150.2012447034786
150.2864476686184
150.17433898830822
150.2812851966181
150.2281683910604
150.32587902367865
150.25147811442272
150.32360164101416
150.25530705163035
150.31823462844656
150.24012886614196
150.306950321837
150.26759754073862
150.3163777641553
150.2878030968049
150.2888375020662
150.32294368049037
150.28364815568807
150.32602619662487
150.27984375403935
150.3224646699168
150.27596434395664
150.3153714978662
150.2626376892051
150.32729254705993
150.28778375905958
150.32912842388708
150.26055742033702
150.32507711921966
150.2783242423229
150.33276391164412
150.2713884419898
150.32146531899573
150.26530806961557
150.32916269241335
150.29671796990513
150.34100215978867
150.28655869126996
150.33386771079842
150.28901905366067
150.32076342755852
150.3467913409023
150.31911728427403
150.33047773348497
150.33122314595641
150.3153624104466
150.36250353832813
150.3088725022253
150.36724286912622
150.30511174011514
150.35849862578522
150.30619145107943
150.35858920502847
150.3060939997418
150.35480067973168
150.30277713464264
150.34665045900994
150.2940118287745
150.34251918977012
150.3443197064208
150.3432322085673
150.34389278487163
150.33751502326118
150.34026500568572
150.3371972075772
150.33988944542804
150.33921367552608
150.34852021486267
150.32928803382651
150.35164499147407
150.32888195658228
150.37829884129243
150.33230781978813
150.37620450377474
150.3203539341628
150.36585964279791
150.31397292593894
150.38170331357082
150.3528201310071
150.40568299411518
150.3475771759502
150.39332071277653
150.3399693768244
150.38918265893238
150.33397523821233
150.38013149023342
150.3297175783691
150.37032446957832
150.3203194361137
150.35902505448948
150.39607970975948
150.36335761559192
150.35175927341402
150.34240123271155
150.3897707761683
150.33561993943445
150.383175209891
150.33072044375666
150.38134555527327
150.32950374102782
150.3779100793274
150.32815279434877
150.3704640157584