
0.010726071340178485
0.008555146287190077
0.008357318862663403
0.008161011686475896
0.007981768114834583
0.007809714435159499
0.007650163422106325
0.007503706479288679
0.007364591968164833
0.007240500509023727
0.007124460885399956
0.007024615304411303
0.006934552205308296
0.006861072397433942
0.006808517955934946
0.006746631224984415
0.00669657494652255
0.006650972699526188
0.006616866782752416
0.00658868699045728
0.006573330838093884
0.006566236515212804
0.006571858114770332
0.0065895684053227195
0.006619820852041814
0.006657484882517074
0.00670205484342323
0.0067581210920051845
0.006826882409894355
0.006907007078979842
0.0069949044200199924
0.007087181688612063
0.007181724054269773
0.007276034122499201
0.0073679629220551445
0.007456665053084428
0.007539238186305564
0.007615324734549749
0.007684262576539407
0.00774593331305595
0.007799886833923692
0.007849185720773137
0.007893009378823321
0.00793233443822852
0.007943407743868118
0.007936279960776232
0.007908992498572067
0.00786360591574589
0.007798045823205721
0.007720000290118513
0.007636818072893534
0.007551883249594946
0.007467978368901911
0.007393276575616724
0.007341547184585505
0.007308422958490593
0.007285090066695392
0.007270232547110394
0.007267441445576853
0.007281804632698776
0.007313525398083263
0.007356781870954622
0.007407148190208349
0.007456209517413966
0.007505936835786875
0.0075500193740212175
0.00758332941552018
0.007601038607074328
0.007597376968315424
0.0075712218964533095
0.007523289963215077
0.007457530350278691
0.007388020825027918
0.007312258131414265
0.007230766881920971
0.007157371800985257
0.007098306458675655
0.007055008105513686
0.007024797929332467
0.007004598104869427
0.006992978916518671
0.006989868399352482
0.006993980361141793
0.007002366325404665
0.00701263999722248
0.007024705288888657
0.007035505306960492
0.007046381325048499
0.007055764959717923
0.007064728660923617
0.007072495572275527
0.0070781684262945935
0.007082411920494611
0.007084286159986377
0.007084287382448506
0.007082512216309932
0.007079090596078084
0.0070743836444800996
0.007069017905262339
0.007062659172569689
0.007056839758192706
0.007051129311486023
0.007046169349482384
0.0070419885372813235
0.007038121448784719
0.007035124732070861
0.007032820064448272
0.007031279714396824
0.007030154381023348
0.007029420497596525
0.0070289479904725866
0.007028677682565246
0.007028299646277221
0.007027858817261993
0.007027397188185084
0.0070267360502535466
0.007025960484099314
0.007025031461637369
0.007024141367771243
0.007023076618616409
0.007021701152174578
0.007020613773340429
0.007019655237633156
0.0070187051430218445
0.007017748176613786
0.0070167078032773575
0.007015852364047947
0.007014860629450356
0.0070139318072807945
0.007013231549092579
0.007012786622533906
0.0070122525490339165
0.0070115674808742074
0.0070110040623504125
0.007011201993904433
0.007010365499672275
0.007010758119030486
0.007009975926772743
0.007010273237943756
0.007009617585750367
0.0070098017019311195
0.007009129545214269
0.0070097287961206145
0.007009020012278673
0.007009445911250203
0.007008733760562743
0.007008906237848991
0.007008279869623738
0.007008553574565111
0.0070079873015921855
0.007008397527313612
0.007007791279249643
0.007008240708740358
0.00700754000501858
0.007008232255016313
0.0070073321303404995
0.007008110544822895
0.007007195025799658
0.007008021935747062
0.0070070060977281655
0.007007876545593881
0.007006866550257109
0.007007782839697211
0.007006797325106351
0.0070077749547701376
0.007006803784606505
0.007007783093552651
0.00700683680483213
0.007007791848495449
0.007006897394590497
0.007007759953332237
0.007006857314717133
0.0070077507416031045
0.00700676545310889
0.007007687235943742
0.00700656983400663
0.00700776809670367
0.007006521954922968
0.007007549269858593
0.007006262508240173
0.007007464522462996
0.007006170477879278
0.007007210095763198
0.007006044378984785
0.007007257922075566
0.007006059725762858
0.007007016646777422
0.007005813435360509
0.007007246291931239
0.007005842194845373
0.00700724655369499
0.007005766187266496
0.007006651095806744
0.007005773117882345
0.007006446809269312
0.007005823779528568
0.007006391444770291
0.007006021766043119
0.007006359537588695
0.007006441281898035
0.007006769711500079
0.007006031704187506
0.007006655751612459
0.007005998310806481
0.007006509854413902
0.0070059437071493475
0.00700632149677895
0.007005969545713088
0.007006168629841999
0.007006785702171949
0.00700583108853745
0.007007347803193641
0.007005424381421956
0.007006308960861825
0.00700546535687232
0.007006124880049842
0.0070053963184145505
0.007005969855208894
0.007005460019159994
0.007005887447490521
0.007006289613145712
0.007006162860599391
0.007005892713296953
0.007005828908519677
0.007006289149614368
0.007005840425056432
0.007006111955277329
0.007005804231798127
0.007006052453651799
0.007005771583220086
0.007006566609825695
0.007005520668435825
0.007006375404874402
0.007005638039664433
0.007006202635933486
0.0070056933368058336
0.007006442069147413
0.0070053367550661355
0.00700705022912369
0.007005337435439106
0.00700628244205686
0.007005425082126453
0.007005927300683858
0.007005812709458031
0.007005787507482835
0.007006015149091945
0.007005763612461947
0.007005978545424105
0.007005589935690749
0.007005981853701379
0.007005578779935503
0.007005995696792023
0.007005694578725422
0.007005997615508248
0.0070060670693365915
0.007005727474653697
0.00700721768939241
0.007005796629394503
0.007006497922320791
0.0070053873253821865
0.007006151017059923
0.007005394304634206
0.007006019604910319
0.007005503916473703
0.007006113566872941
0.007005460941530608
0.0070061565030613395
0.007005525198017152
0.0070065850394315935
0.007005699311691932
0.00700640642846322
0.007005518617255687
0.00700614007175376
0.007005823253963693
0.007006404847792502
0.007005765631346332
0.007006749004196737
0.007005709366165168
0.007006388185716635
0.007005533253878805
0.007006262839531881
0.007005462660557681
0.00700606731902348
0.0070056096299615424
0.007006028202955341
0.007005637449638815
0.007005950032307674
0.00700690252681041
0.0070062076586020405
0.007006215640260044
0.007005627652347588
0.007006770235812108
0.0070056783660474835
0.007006314217675904
0.0070055982339247685
0.007006193883193606
0.007005561264869895
0.007006129463317779
0.007005602666905531
0.007006050966317141