0.20785000000075882
0.2668000000008832
0.2741000000008986
0.28240000000091614
0.2921000000009366
0.3008500000009551
0.308400000000971
0.31500000000098494
0.3229500000010017
0.332100000001021
0.3390000000010356
0.34600000000105036
0.3556500000010707
0.3607000000010814
0.3693000000010995
0.3791000000011202
0.38855000000114015
0.3980500000011602
0.4087000000011827
0.41765000000120156
0.42640000000122
0.43465000000123744
0.44275000000125453
0.4497000000012692
0.45910000000128903
0.4678500000013075
0.4778000000013285
0.4898000000013538
0.49750000000137007
0.505500000001387
0.5133000000014034
0.5193500000014162
0.5247500000014276
0.5243500000014267
0.5232000000014243
0.5180500000014134
0.5088000000013939
0.4986000000013724
0.48720000000134833
0.4731000000013186
0.4580500000012868
0.44220000000125337
0.42655000000122034
0.40960000000118457
0.39045000000114394
0.374850000001111
0.3591500000010779
0.34540000000104887
0.3348500000010266
0.31640000000098767
0.29890000000095074
0.2758500000009021
0.25365000000085525
0.23365000000081304
0.20925000000076155
0.18740000000071544
0.16385000000066574
0.13775000000061066
0.1136500000005598
0.09150000000051306
0.06395000000045492
0.040050000000404484
0.016750000000355314
-0.004899999999690374
-0.025499999999733847
-0.04344999999977173
-0.06149999999980982
-0.07649999999984147
-0.09499999999988051
-0.09959999999989022
-0.11909999999993137
-0.12054999999993443
-0.13429999999996345
-0.14774999999999183
-0.16060000000001895
-0.1684000000000354
-0.17965000000005915
-0.19240000000008606
-0.20225000000010174
-0.2098000000001009
-0.2171000000001001
-0.2226500000000995
-0.22695000000009902
-0.22940000000009875
-0.22945000000009874
-0.22935000000009875
-0.22600000000009912
-0.22135000000009963
-0.21395000000010045
-0.20670000000010125
-0.1973000000000964
-0.18620000000007297
-0.17235000000004375
-0.15885000000001526
-0.14244999999998065
-0.1265999999999472
-0.10284999999989708
-0.07869999999984612
-0.05809999999980264
-0.03924999999976286
-0.01744999999971686
-0.001099999999682355
0.013100000000347611
0.023650000000369875
0.03140000000038623
0.036150000000396254
0.038600000000401424
0.038800000000401846
0.03845000000040111
0.03645000000039689
0.03230000000038813
0.028800000000380743
0.024850000000372408
0.022000000000366393
0.017550000000357002
0.014500000000350566
0.010350000000341808
0.006000000000332628
0.002900000000326086
-0.0004999999996810889
-0.002549999999685415
-0.004399999999689319
-0.006199999999693118
-0.007599999999696072
-0.007749999999696389
-0.008249999999697444
-0.008549999999698077
-0.007549999999695967
-0.006099999999692907
-0.006249999999693223
-0.005249999999691113
-0.005349999999691324
-0.005299999999691218
-0.004349999999689214
-0.002649999999685626
-0.0026999999996857316
-0.0019999999996842543
-0.00204999999968436
-0.0018999999996840433
-0.0016999999996836213
-0.0011499999996824606
-0.0012999999996827771
-0.0005999999996812999
-0.00039999999968087785
-0.0008499999996818275
-0.00014999999968035027
-0.00034999999968077233
-0.000999999999682144
-0.0006999999996815109
-0.0006999999996815109
-0.00044999999968098336
-0.00044999999968098336
-0.0009499999996820385
-0.0005499999996811944
-0.00039999999968087785
-0.0007499999996816165
0.0004000000003208104
3.199662756969701e-13
-0.0001999999996804558
-0.00014999999968035027
0.00030000000032059937
0.0006000000003212325
0.00030000000032059937
-0.0001999999996804558
-0.0002499999996805613
-0.000799999999681722
-0.000899999999681933
-0.0009499999996820385
-0.0002999999996806668
-0.00044999999968098336
0.0010000000003220766
0.00010000000032017731
0.000550000000321127
-0.0002999999996806668
0.0004500000003209159
-0.0004999999996810889
0.00020000000032038834
-0.0004999999996810889
0.000750000000321549
-0.0001999999996804558
0.00020000000032038834
-0.0002999999996806668
3.199662756969701e-13
-0.000899999999681933
-0.0004999999996810889
-0.0005499999996811944
-4.999999968013924e-05
-0.0002999999996806668
0.0006000000003212325
-0.0002999999996806668
0.00010000000032017731
-0.00034999999968077233
0.00025000000032049385
-0.0005999999996812999
0.00030000000032059937
-0.0001999999996804558
0.00010000000032017731
-0.0002999999996806668
0.0003500000003207049
-0.00034999999968077233
0.0004000000003208104
0.00020000000032038834
0.000650000000321338
0.00020000000032038834
0.0003500000003207049
0.0004000000003208104
0.0004000000003208104
0.00030000000032059937
0.000650000000321338
-9.999999968024476e-05
-9.999999968024476e-05
-0.0004999999996810889
-4.999999968013924e-05
-0.00039999999968087785
3.199662756969701e-13
-0.001099999999682355
-0.0002499999996805613
-0.0013499999996828826
-9.999999968024476e-05
-0.0006499999996814054
0.0006000000003212325
-9.999999968024476e-05
0.0008000000003216545
0.00010000000032017731
0.0012500000003226042
0.00025000000032049385
0.0010000000003220766
-0.0004999999996810889
0.0013000000003227097
0.00010000000032017731
0.0012000000003224987
5.000000032007179e-05
0.0012500000003226042
0.00010000000032017731
-9.999999968024476e-05
-0.0005499999996811944
0.00010000000032017731
-0.00044999999968098336
0.00025000000032049385
-0.0002999999996806668
0.00025000000032049385
-0.0001999999996804558
0.00015000000032028282
3.199662756969701e-13
0.00010000000032017731
3.199662756969701e-13
0.0004000000003208104
-0.00039999999968087785
0.00015000000032028282
-0.0004999999996810889
5.000000032007179e-05
-0.00039999999968087785
0.00020000000032038834
-0.00034999999968077233
0.0004500000003209159
-0.00039999999968087785
0.0004000000003208104
-9.999999968024476e-05
0.0006000000003212325
-0.0002499999996805613
0.00015000000032028282
-0.0001999999996804558
0.00025000000032049385
-0.0001999999996804558
0.00030000000032059937
-0.0002499999996805613
0.0004000000003208104
5.000000032007179e-05
5.000000032007179e-05
5.000000032007179e-05
0.0003500000003207049
0.00010000000032017731
0.000550000000321127
5.000000032007179e-05
0.0005000000003210214
-0.0002499999996805613
0.00030000000032059937
-0.0005499999996811944
0.00020000000032038834
-0.0006999999996815109
0.000650000000321338
-0.0008499999996818275
0.0004500000003209159
-0.0008499999996818275
0.00030000000032059937
-0.0009499999996820385
-9.999999968024476e-05
-0.000899999999681933
0.00015000000032028282
-0.0004999999996810889
0.0004500000003209159
3.199662756969701e-13
0.0004500000003209159
-0.00039999999968087785
0.00010000000032017731
-0.0002499999996805613
0.0004000000003208104
-0.0002499999996805613
0.000650000000321338
3.199662756969701e-13
