0.009925831199593508
0.008032713370798741
0.007866377237048139
0.007675385544456472
0.007555803230950016
0.0074041473159959246
0.007276785071658225
0.007097431629181215
0.006991201571906048
0.006867875799863043
0.0067741560315845795
0.006652576951900284
0.006609460343611672
0.006500208264913614
0.006472925581022005
0.006412851079120587
0.006333757510935686
0.00627052322536508
0.006212452654400375
0.006152872275803735
0.006104406890823769
0.006055758196506101
0.006014160383652729
0.005972677687115937
0.005953006295864717
0.00591450403514218
0.00587748101339788
0.005847163518826013
0.005809676841178967
0.005777222089541612
0.005749572826263309
0.005723234860477792
0.005701009842543914
0.005682781320276357
0.005680506584759734
0.005683019065776741
0.0056926084557872465
0.005707511253507947
0.005727021206820619
0.005748358041864309
0.005771487528799115
0.005800303572469379
0.005832245198568891
0.005863686658779057
0.005895118034780003
0.0059276814515180085
0.005958518983429225
0.005989585401282808
0.006011111074305801
0.006047042588494833
0.006101080990529961
0.006142492457102262
0.0061994981144418825
0.006264451219956787
0.006320289096623577
0.006393099224109333
0.006458132056126334
0.006523407465811909
0.006603352886139632
0.006688294392501549
0.006756480974137033
0.006836351321640341
0.006915756993893104
0.006996800780897374
0.007063734925782894
0.0071433217048488505
0.007192279136925607
0.0072445736970072495
0.007345621626799175
0.007341539048683594
0.007461269461623615
0.007453663625616446
0.007506443370617307
0.007554894298321263
0.007620821520399757
0.007662704700690461
0.007708518766982543
0.0077487977938745425
0.007780574492864387
0.007812845207797313
0.007840980986200032
0.007853188676456716
0.00785635479155387
0.007850248302039606
0.007838921796281267
0.007812032587748548
0.0077842576064332935
0.007746187798043983
0.007699797970718029
0.007640519172658871
0.007576836050522065
0.0075112963692560795
0.007446589982541345
0.007366275300516418
0.007290149958234503
0.007207228350931542
0.0071028247906474735
0.007003281624684228
0.006910769781353367
0.006829086705430224
0.006749115463486008
0.006688675915396406
0.00663672973984224
0.006591374151921281
0.0065681544301341354
0.006548103067829275
0.006537118406789104
0.006530721977835864
0.00653310865691416
0.006537449813688084
0.006540738666678711
0.006548913217532848
0.006558490253667402
0.006574325130144604
0.006585253825085187
0.00660035913554882
0.0066094676643733575
0.006617242333389532
0.006627468944534732
0.006635605465434163
0.006642869674400089
0.006648788983604579
0.006650793716361166
0.006651094562606707
0.006653492845441987
0.006651697313408265
0.0066487887703775015
0.006649575744581592
0.006650543227980657
0.006645281618634924
0.006643634209614657
0.0066378061329000464
0.006633024996258396
0.006630031756172356
0.006629823611505245
0.006626399532764828
0.006623421628863184
0.006620402084747089
0.006615913864396471
0.0066154991096890855
0.006614408278755294
0.0066129937979756545
0.006612361615561584
0.006612621636534788
0.006609304120517523
0.006610958839031119
0.006608548826272351
0.006608058481610891
0.006606381130164245
0.0066075304026541335
0.006606908555103961
0.00660753281468527
0.006604808073209238
0.006606111044592869
0.006604893419490947
0.006604296218704339
0.006605819778798594
0.0066063782267829505
0.0066042295147454
0.006605456651324594
0.006605553644489398
0.006607797605447525
0.006607890946452625
0.00660666109101986
0.006604772314520959
0.006603780311481973
0.006600801287249487
0.006600877853608171
0.006600406118751377
0.00660226347782508
0.006603350503441046
0.0066031202893856765
0.006602541567057906
0.00660194270007072
0.00660160443278784
0.006600410649267737
0.006599410843492938
0.006599200367526269
0.006600634527672416
0.0066005975356179525
0.00659921061393897
0.006600953909922704
0.006598896890611598
0.006599226382771706
0.0065966847739473665
0.006599066257548866
0.006597740736153824
0.006599775050933136
0.006599133659258042
0.0065998511450208975
0.006596853342957718
0.006598601368259262
0.006596406348827178
0.006597542181795443
0.006596350948790381
0.0065986186773077
0.006594999462186919
0.006596961375896701
0.006594820525939476
0.006595624157202494
0.006593966770953783
0.006596154017252583
0.006594879278624475
0.0065966702125243816
0.006594329990543131
0.006597274048164556
0.006595990186308457
0.006598410330090015
0.006598729056636774
0.0065977875606280005
0.006596613256505791
0.0065961085633248874
0.006596976345843654
0.006595362761104648
0.006597889206612143
0.006593344382876694
0.006595422203728289
0.006591461033446419
0.006595718703298642
0.0065929483541277215
0.006595111495682338
0.00659283661317478
0.006596212635382594
0.0065935946560363974
0.006597478176977482
0.006596695678633633
0.006598646469225953
0.006594655761471334
0.0065990301150236266
0.0065979072748888045
0.006599344120353159
0.00659798546092555
0.006601514177236752
0.006599279466541251
0.0065989480078399885
0.006597828582340844
0.006598325542760971
0.006597645218631915
0.006598246864131398
0.006597923416245617
0.006598780852052016
0.006598244149234946
0.006599316188548075
0.006598654241204057
0.006599149983507938
0.0065988849761010404
0.0066000540177185065
0.0065981187838265185
0.0065995313444821325
0.006597533187329563
0.0065989848001279956
0.0065976095615643575
0.0065990384802925494
0.006597666793140925
0.006599633095279998
0.006597514374178298
0.006599410371406402
0.0065984992229240055
0.0065997782667039815
0.006598067624119174
0.006598511700318209
0.006598151279156167
0.006598724884796385
0.006598073144571599
0.006598847476681119
0.006597908244368823
0.006599103606751993
0.006599381570351878
0.006598453125987683
0.006599985941372568
0.006599816045201803
0.006600863320844959
0.006601111197624452
0.0066012747030374805
0.00660164707361086
0.006601128028544811
0.0066018064985092495
0.0066007299609424485
0.006601652983500432
0.006600405407619633
0.006602958515789894
0.0065994907358885415
0.006601740059518859
0.00659920981339189
0.006601112172660409
0.006598941526611265
0.006599046017424309
0.006597477631928786
0.0065983865077958274
0.006597600233919608
0.006598012068246528
0.006598603308643067
0.0065983180928848185
0.006597630132026072
0.006597252554595654
0.0065983277027374405
0.0065981865368986556
0.006598059982926928
0.006598911147604445
0.006599016537071231
