
170.85985486037865
136.8487013717506
136.64955457705742
136.43957075068758
136.22491480252086
135.98582867632007
135.75215720010473
135.48936222678174
135.2275010485194
134.91047954428296
134.56019144089268
134.21116896708543
133.83283689949343
133.4386532669111
132.9873056784731
132.26938084187614
131.57447001714934
130.86077202859806
130.19160627569025
129.50732554654527
128.87546770660083
128.25145921451409
127.70160171892475
127.16970659918734
126.5826818899827
125.93898508671121
125.28743943022174
124.70167565689447
124.10874675568685
123.5507514930337
123.06839877199997
122.56287296938518
122.1937075974808
121.91227065212486
121.75238198758298
121.74818560995145
121.86343095879478
122.06609859644983
122.31354487780796
122.65578210644716
123.04582747129507
123.45732892209483
123.8656217923871
124.32589293829285
124.79677344378118
125.22836036116786
125.64951746211564
126.04128721933189
126.35342040402328
126.88050340558337
127.49500399387053
128.13998113914374
128.87532695858118
129.62930429274562
130.40830266495894
131.24951925629685
132.09758313397012
133.0416512783504
134.01420142475158
135.05457505986095
136.12100537114202
137.29101270471244
138.51898964634714
139.84857314471404
141.26216542317434
142.8208827337907
144.3866030064017
146.23940496576037
203.30982350560186
149.7743532748553
518.5823467590125
156.9907577577883
158.17880200210178
159.3423105389722
162.0586466652285
162.6847858445441
163.44911232711678
164.3132667528625
165.13181322448278
165.87521779173085
166.54810624401136
167.13593901806948
167.62856615079264
168.01033550312886
168.26408367179806
168.362394892202
168.29777025711203
168.0959257961308
167.7268679853021
167.1955114015877
166.48561516264422
165.63538715659848
164.67152862055343
163.55256726238846
162.3491729374418
161.09525497527179
159.27846478041903
157.4671833364765
155.86844873859445
154.36341660654023
152.72224700447418
151.43013144417185
150.32063717351397
149.33076577136083
148.60548484798747
148.07542806943545
147.66239126531997
147.37844894579587
147.17290197996175
147.07185964559966
147.02820926583058
147.02842071720133
147.0597120331195
147.1149169255481
147.19443012163381
147.29452970790484
147.4010681838492
147.51308038136222
147.62181968592012
147.73561207443137
147.8159364962079
147.86806735984942
147.90598283518972
147.92677476809564
147.93694836270197
147.93839461208952
147.9191751296452
147.88132154463796
147.8343526089614
147.77623769680207
147.71393479842072
147.6403899613358
147.58115910175923
147.51281001450963
147.44278421607225
147.3927526403523
147.32779397175486
147.266737394832
147.21623435321175
147.17164665941007
147.11872257782198
147.09086113091087
147.03448465892586
147.01800111844216
147.00143929205294
146.98297643934464
146.97316980674643
146.95324335014317
146.94715173838512
146.9326337175434
146.93234530762493
146.9255154697096
146.9189960176277
146.9095771699423
146.90192494279287
146.8964899891363
146.88208667440335
146.8819970958034
146.87330585540172
146.86892146305783
146.8593562194503
146.85748510499408
146.8536820961024
146.84287893319038
146.8443324017479
146.83419772388748
146.83502393535855
146.81321466560377
146.81755571715203
146.79671215596062
146.79286873678043
146.79307821721687
146.79901899156602
146.7932313503897
146.8077024049314
146.79639619239452
146.80978442652668
146.79844299836017
146.80430924659723
146.79511850525088
146.80387410787844
146.79823982261732
146.79886898958085
146.80981681860297
146.79356804029962
146.79821808912575
146.77117688160422
146.79833998140194
146.76172468579594
146.8052101515684
146.75087103699443
146.7950545384487
146.74225062789827
146.78977693736272
146.73878453568943
146.79472578018922
146.731271712211
146.79010756891037
146.72378655221337
146.78187904894398
146.7306633251374
146.76969462870966
146.73372960400724
146.76783615500017
146.73814517699037
146.76514734565887
146.76303945374488
146.75506940349942
146.80705800429007
146.75022668399419
146.81936776738613
146.75869572544568
146.82171928706146
146.76924815282032
146.81454868919684
146.76393960476108
146.80114517501246
146.77161340387323
146.8050471847921
146.7567238479054
146.8164054801916
146.74564096484025
146.80576078247344
146.74621224562026
146.80186980070738
146.76404786131002
146.79861587954275
146.7778113145842
146.81670973680352
146.81022337263488
146.8376328796074
146.80604763945527
146.90057409768596
146.81323582889698
146.91671798879895
146.83372777550446
146.91228689522268
146.8392074852468
146.89992087717266
146.85046236219276
146.90476370112128
146.86359655756138
146.91559883153002
146.86750924483644
146.9119524769841
146.87170858958098
146.90633304648418
146.8866141615695
146.92248677296934
146.88949058470078
146.92387003120845
146.88893523598804
146.9139277957041
146.88860557530322
146.9146260011438
146.8923255467996
146.92027582820361
146.89609867730678
146.91594556046547
146.90053114679256
146.9156606082672
146.90257513698452
146.91856034577262
146.90833163564417
146.9247953034021
146.91408222355614
146.92691735858918
146.91894665230467
146.92859164507152
146.92477316314628
146.93107976129926
146.9344110805757
146.93864944491332
146.94326864628053
146.94717251556878
146.95233952320268
146.95283399847608
146.95974783934528
146.95616012922434
146.96485100724317
146.95722245217593
146.96661359359527
146.95594725635988
146.96611441625882
146.95408861283832
146.967558914309
146.95064917797092
146.961112231362
146.93905776657448
146.9508509287193
146.92888488454997
146.94429249004332
146.92909985160972
146.94439735149325
146.92905664339068
146.94345021381986
146.92671242255983
146.94157839402868
146.92535424180298
146.94029533227027