
0.00993087060062102
0.008040553291296056
0.007876188360084121
0.007687542188902916
0.007570783719509568
0.00742239001932591
0.0072987449091441265
0.007123608135773082
0.007022363127713672
0.006904943338367373
0.006817771106268726
0.006703713314448668
0.00666969202071208
0.006570027465634714
0.00655443362068326
0.006508127303009822
0.006444828739462389
0.00639980622165002
0.0063631457323672855
0.006327531824582655
0.006306431673050416
0.006288807269082877
0.006282511801523862
0.006280422234145859
0.00630741997335946
0.006321674889405705
0.006346035469988542
0.0063883243084096085
0.006428688258192863
0.006484924681955897
0.0065575268854808095
0.006641477589912878
0.006742033002674432
0.0068480351453530765
0.006980222367087151
0.007118252468049942
0.007260197907801963
0.007410737613164751
0.007567009965726674
0.007717895835294131
0.007867131803269437
0.00801721805773064
0.008169122463142532
0.008309406836653002
0.008428828445573248
0.008564589724448617
0.008691616758447148
0.008827888656975376
0.008971797711638297
0.009036641195942347
0.009096732767140207
0.009054895016644988
0.009002689576726043
0.008952729703634353
0.008814206258789758
0.008695877805311725
0.008525166065006126
0.008299899732981003
0.008095668350172636
0.007907257409653744
0.0076176879237562665
0.007379581815520541
0.007143837475786632
0.006930024612903406
0.006716948782808181
0.006555217473960026
0.006365880157003933
0.006226453114274355
0.00609647348699914
0.006049970014181487
0.005941108958107028
0.0059419210110181865
0.005854169516052261
0.005775986132285711
0.005733353095186207
0.005735202108655366
0.005710524263429416
0.0056757177722223575
0.00567575259701673
0.0057100198524053705
0.005751365483040684
0.005801406141967893
0.005860044767559808
0.005929955448896952
0.006016334275799705
0.006088309823066182
0.006181623673689041
0.0062688159128013905
0.006358615855762301
0.006425820787771867
0.00649166691491659
0.0065537302866106725
0.006617843906681175
0.006651477624725825
0.0066891510738567505
0.006704846408653509
0.006716683270909199
0.006721125614420586
0.006709876703269209
0.006696932662427664
0.006691283762587741
0.006685049381511371
0.006680064971977651
0.006670419168223319
0.006674713174578231
0.006673057248653376
0.0066732302744223
0.006670337996146601
0.006674233537029389
0.0066737784556886535
0.006663615288811782
0.006660115057170193
0.006655682996834698
0.006661331631867941
0.006655308187944769
0.006658671932266952
0.006651330644583925
0.006641602156915052
0.006639266914159408
0.00663357021434178
0.006632497142453592
0.0066309197819814395
0.006625675637840749
0.00662040240806396
0.006622305797741126
0.006618621222113708
0.006614643784606723
0.006619537613658181
0.0066263516125989325
0.006620567066215086
0.00662293025508219
0.006616760671048836
0.006612228827706548
0.006613002325768513
0.006619466649399941
0.006615860619020151
0.006615623786889671
0.006612417034654205
0.006608520080921692
0.00660888932305178
0.006609940007131047
0.006607945676733299
0.0066100327759303955
0.006611069449581076
0.006606006713489487
0.006610377083474252
0.006607191559738006
0.006604181835424745
0.006603668586914314
0.006604818772764202
0.006605165846770875
0.006605790483812184
0.006601131058702457
0.0066039830156210426
0.006603346116217228
0.006601395828915033
0.006607366522874788
0.006606378226784188
0.006603456105429158
0.006604876643267722
0.006606713702546853
0.006610118224841199
0.006609051507790082
0.006605887364823619
0.006603805261625347
0.006600686525093292
0.006597322203522066
0.0065972071254413785
0.006599247290936394
0.006600525550651986
0.006607213076429682
0.006603506649205653
0.006604666879252213
0.006600783368975735
0.006603343492343408
0.006598478384175272
0.006600183693611655
0.006597268382033804
0.006603532680664206
0.006599824592301708
0.006599983557257688
0.006599794522907718
0.006598896890612835
0.006595749228284276
0.006594753673854898
0.006596942585677027
0.006597547703035689
0.006598616950078148
0.0066014500287317245
0.006598692876405909
0.006597239413857695
0.0065972502016649025
0.006597371444525267
0.00659522614784423
0.006597508881887841
0.0065978467032714525
0.006595385439886896
0.006595803498721711
0.006596171398956307
0.0065942732841881326
0.006595510644469985
0.006596926065851302
0.006597388951497533
0.006597442578003101
0.0065956818095399645
0.00659881926376076
0.006597535700144662
0.0065995696611874785
0.0066012415161898355
0.006597400977130495
0.006596226691648286
0.006594176018632412
0.006596783117005519
0.006593817098150914
0.006597889206613379
0.0065890953475517605
0.006594456828432667
0.006586250019964626
0.0065953328374411336
0.006590440680397127
0.00659742624347603
0.006592450775277272
0.006599299860493774
0.006593980643056376
0.006602304587463008
0.006597661310231728
0.006602510160614623
0.006592723682778853
0.006604054488908528
0.006598293895668785
0.00660398502361932
0.00659817889014616
0.006606351422222287
0.006599666571961234
0.006598560902422483
0.006595699835728991
0.0065987125456609536
0.006595903852378805
0.006599214243229496
0.006596762575310623
0.006599748207850115
0.006597470255278696
0.00659989660202743
0.006598654241205295
0.00659953694912792
0.006598884976102279
0.006601602066594723
0.006596570734952779
0.006600111827861488
0.006595598405837078
0.006599178257308606
0.006596062034610616
0.006599812206491277
0.0065963128212265555
0.006601373958255588
0.006595966921784556
0.006600957823802621
0.006598112331866498
0.006602099892657691
0.006597100198423549
0.006599092141757566
0.006597377366559914
0.006599692287194487
0.006597299213335346
0.006600008401498594
0.006596940795373197
0.006600651581068214
0.006599575088112489
0.006598646648408294
0.006600179468453179
0.006601170865238652
0.0066012504542249445
0.006603240764398795
0.006601468327978093
0.00660358357930583
0.006600159717449185
0.006602968485806728
0.006598599779050583
0.006602427529859164
0.006597694821569646
0.006605475458262986
0.0065961995080204335
0.006603482306514458
0.006595919219283782
0.006602273405037887
0.006595264866264407
0.006598659098406801
0.006593996199561301
0.006598966641675186
0.0065956666174271095
0.006599752302122127
0.006598603308644304
0.006600058704220419
0.0065960829033123195
0.006597639333815639
0.0065973607896418094
0.006599733653774883
0.006597092999931296
0.0066014255457175425
0.006599016537072469